Type:          average
Points:        1350
Count:         4
XInc:          1.481481E-012
XOrg:          3.0912800000E-008
YData range:   8.52198E-003
YData center:  2.11200E-003
Coupling:      50 Ohms
XRange:        2.00000E-009
XOffset:       3.0912800000E-008
YRange:        8.16000E-003
YOffset:       2.11200E-003
Date:          03 APR 2011
Time:          17:49:19:31
Frame:         86100C:MY47440989
X Units:       second
Y Units:       Watt
XY Data:
3.0912800E-008, 5.46E-005
3.0914281E-008, 5.62E-005
3.0915763E-008, 4.45E-005
3.0917244E-008, 6.77E-005
3.0918726E-008, 5.95E-005
3.0920207E-008, 6.17E-005
3.0921689E-008, 6.76E-005
3.0923170E-008, 4.95E-005
3.0924652E-008, 6.97E-005
3.0926133E-008, 6.79E-005
3.0927615E-008, 5.52E-005
3.0929096E-008, 5.58E-005
3.0930578E-008, 4.89E-005
3.0932059E-008, 6.09E-005
3.0933541E-008, 8.18E-005
3.0935022E-008, 4.19E-005
3.0936504E-008, 5.94E-005
3.0937985E-008, 5.32E-005
3.0939467E-008, 7.43E-005
3.0940948E-008, 4.53E-005
3.0942430E-008, 8.13E-005
3.0943911E-008, 6.73E-005
3.0945393E-008, 3.74E-005
3.0946874E-008, 8.08E-005
3.0948356E-008, 8.80E-005
3.0949837E-008, 7.50E-005
3.0951319E-008, 5.59E-005
3.0952800E-008, 6.19E-005
3.0954281E-008, 6.67E-005
3.0955763E-008, 8.77E-005
3.0957244E-008, 7.79E-005
3.0958726E-008, 7.87E-005
3.0960207E-008, 5.71E-005
3.0961689E-008, 6.22E-005
3.0963170E-008, 4.76E-005
3.0964652E-008, 9.54E-005
3.0966133E-008, 7.69E-005
3.0967615E-008, 7.04E-005
3.0969096E-008, 7.62E-005
3.0970578E-008, 8.71E-005
3.0972059E-008, 7.23E-005
3.0973541E-008, 5.11E-005
3.0975022E-008, 8.26E-005
3.0976504E-008, 7.34E-005
3.0977985E-008, 7.94E-005
3.0979467E-008, 6.28E-005
3.0980948E-008, 7.54E-005
3.0982430E-008, 9.58E-005
3.0983911E-008, 8.76E-005
3.0985393E-008, 8.50E-005
3.0986874E-008, 5.83E-005
3.0988356E-008, 2.88E-005
3.0989837E-008, 8.37E-005
3.0991319E-008, 7.11E-005
3.0992800E-008, 7.24E-005
3.0994281E-008, 7.12E-005
3.0995763E-008, 7.16E-005
3.0997244E-008, 6.01E-005
3.0998726E-008, 5.35E-005
3.1000207E-008, 6.96E-005
3.1001689E-008, 8.96E-005
3.1003170E-008, 7.69E-005
3.1004652E-008, 8.32E-005
3.1006133E-008, 6.02E-005
3.1007615E-008, 7.46E-005
3.1009096E-008, 5.94E-005
3.1010578E-008, 6.49E-005
3.1012059E-008, 6.81E-005
3.1013541E-008, 7.15E-005
3.1015022E-008, 6.50E-005
3.1016504E-008, 6.97E-005
3.1017985E-008, 6.13E-005
3.1019467E-008, 6.24E-005
3.1020948E-008, 8.81E-005
3.1022430E-008, 5.63E-005
3.1023911E-008, 6.72E-005
3.1025393E-008, 5.74E-005
3.1026874E-008, 8.95E-005
3.1028356E-008, 5.54E-005
3.1029837E-008, 5.77E-005
3.1031319E-008, 5.00E-005
3.1032800E-008, 7.99E-005
3.1034281E-008, 6.24E-005
3.1035763E-008, 9.28E-005
3.1037244E-008, 8.42E-005
3.1038726E-008, 5.77E-005
3.1040207E-008, 5.35E-005
3.1041689E-008, 1.002E-004
3.1043170E-008, 8.84E-005
3.1044652E-008, 7.08E-005
3.1046133E-008, 9.20E-005
3.1047615E-008, 9.04E-005
3.1049096E-008, 6.88E-005
3.1050578E-008, 8.81E-005
3.1052059E-008, 8.96E-005
3.1053541E-008, 4.65E-005
3.1055022E-008, 6.72E-005
3.1056504E-008, 5.52E-005
3.1057985E-008, 6.02E-005
3.1059467E-008, 3.72E-005
3.1060948E-008, 2.54E-005
3.1062430E-008, 3.28E-005
3.1063911E-008, 7.44E-005
3.1065393E-008, 8.18E-005
3.1066874E-008, 7.78E-005
3.1068356E-008, 1.545E-004
3.1069837E-008, 1.355E-004
3.1071319E-008, 2.811E-004
3.1072800E-008, 3.754E-004
3.1074281E-008, 5.728E-004
3.1075763E-008, 7.324E-004
3.1077244E-008, 9.881E-004
3.1078726E-008, 1.0308E-003
3.1080207E-008, 1.3006E-003
3.1081689E-008, 1.9635E-003
3.1083170E-008, 1.7185E-003
3.1084652E-008, 2.2501E-003
3.1086133E-008, 1.8678E-003
3.1087615E-008, 2.3281E-003
3.1089096E-008, 2.4256E-003
3.1090578E-008, 2.2732E-003
3.1092059E-008, 2.7316E-003
3.1093541E-008, 3.3524E-003
3.1095022E-008, 2.5008E-003
3.1096504E-008, 3.0901E-003
3.1097985E-008, 2.8230E-003
3.1099467E-008, 2.1934E-003
3.1100948E-008, 3.1926E-003
3.1102430E-008, 2.8118E-003
3.1103911E-008, 2.5587E-003
3.1105393E-008, 2.6320E-003
3.1106874E-008, 2.5563E-003
3.1108356E-008, 2.4169E-003
3.1109837E-008, 2.1998E-003
3.1111319E-008, 2.3857E-003
3.1112800E-008, 2.5949E-003
3.1114281E-008, 2.5144E-003
3.1115763E-008, 1.6863E-003
3.1117244E-008, 1.9949E-003
3.1118726E-008, 1.3226E-003
3.1120207E-008, 1.3744E-003
3.1121689E-008, 8.381E-004
3.1123170E-008, 5.631E-004
3.1124652E-008, 5.614E-004
3.1126133E-008, 3.711E-004
3.1127615E-008, 1.131E-004
3.1129096E-008, 2.07E-005
3.1130578E-008, 1.44E-005
3.1132059E-008, -3.61E-005
3.1133541E-008, -3.11E-005
3.1135022E-008, -3.39E-005
3.1136504E-008, -1.86E-005
3.1137985E-008, -2.59E-005
3.1139467E-008, -3.5E-006
3.1140948E-008, -3.54E-005
3.1142430E-008, -8.8E-006
3.1143911E-008, -4.58E-005
3.1145393E-008, 2.70E-005
3.1146874E-008, 1.88E-005
3.1148356E-008, 2.74E-005
3.1149837E-008, 5.42E-005
3.1151319E-008, 5.66E-005
3.1152800E-008, 3.87E-005
3.1154281E-008, 1.19E-005
3.1155763E-008, 3.21E-005
3.1157244E-008, 4.21E-005
3.1158726E-008, 3.09E-005
3.1160207E-008, 4.01E-005
3.1161689E-008, 5.17E-005
3.1163170E-008, 2.45E-005
3.1164652E-008, 2.96E-005
3.1166133E-008, 2.35E-005
3.1167615E-008, 4.21E-005
3.1169096E-008, 3.99E-005
3.1170578E-008, 2.72E-005
3.1172059E-008, 3.99E-005
3.1173541E-008, 3.52E-005
3.1175022E-008, 2.88E-005
3.1176504E-008, 6.26E-005
3.1177985E-008, -1.47E-005
3.1179467E-008, 3.46E-005
3.1180948E-008, 1.37E-005
3.1182430E-008, 4.91E-005
3.1183911E-008, 3.39E-005
3.1185393E-008, 4.18E-005
3.1186874E-008, 2.62E-005
3.1188356E-008, 5.07E-005
3.1189837E-008, 4.83E-005
3.1191319E-008, 3.40E-005
3.1192800E-008, 4.48E-005
3.1194281E-008, 3.67E-005
3.1195763E-008, 1.94E-005
3.1197244E-008, 6.56E-005
3.1198726E-008, 4.65E-005
3.1200207E-008, 6.15E-005
3.1201689E-008, 5.59E-005
3.1203170E-008, 6.40E-005
3.1204652E-008, 3.27E-005
3.1206133E-008, 4.30E-005
3.1207615E-008, 4.49E-005
3.1209096E-008, 3.40E-005
3.1210578E-008, 4.91E-005
3.1212059E-008, 5.15E-005
3.1213541E-008, 4.44E-005
3.1215022E-008, 2.30E-005
3.1216504E-008, 6.40E-005
3.1217985E-008, 4.13E-005
3.1219467E-008, 4.30E-005
3.1220948E-008, 3.28E-005
3.1222430E-008, 5.93E-005
3.1223911E-008, 7.47E-005
3.1225393E-008, 3.16E-005
3.1226874E-008, 3.40E-005
3.1228356E-008, 3.13E-005
3.1229837E-008, 3.51E-005
3.1231319E-008, 5.98E-005
3.1232800E-008, 4.31E-005
3.1234281E-008, 5.55E-005
3.1235763E-008, 6.02E-005
3.1237244E-008, 5.95E-005
3.1238726E-008, 6.91E-005
3.1240207E-008, 4.44E-005
3.1241689E-008, 6.50E-005
3.1243170E-008, 5.24E-005
3.1244652E-008, 3.86E-005
3.1246133E-008, 5.89E-005
3.1247615E-008, 1.98E-005
3.1249096E-008, 2.02E-005
3.1250578E-008, 3.83E-005
3.1252059E-008, 3.01E-005
3.1253541E-008, 4.06E-005
3.1255022E-008, 5.64E-005
3.1256504E-008, 2.47E-005
3.1257985E-008, 3.43E-005
3.1259467E-008, 2.68E-005
3.1260948E-008, 6.22E-005
3.1262430E-008, 3.11E-005
3.1263911E-008, 4.76E-005
3.1265393E-008, 2.26E-005
3.1266874E-008, 3.40E-005
3.1268356E-008, 4.19E-005
3.1269837E-008, 6.02E-005
3.1271319E-008, 4.09E-005
3.1272800E-008, 5.21E-005
3.1274281E-008, 4.36E-005
3.1275763E-008, 2.89E-005
3.1277244E-008, 2.74E-005
3.1278726E-008, 1.80E-005
3.1280207E-008, 5.17E-005
3.1281689E-008, 2.62E-005
3.1283170E-008, 3.55E-005
3.1284652E-008, 5.42E-005
3.1286133E-008, 1.94E-005
3.1287615E-008, 3.44E-005
3.1289096E-008, 4.09E-005
3.1290578E-008, 4.91E-005
3.1292059E-008, 2.89E-005
3.1293541E-008, 5.51E-005
3.1295022E-008, 5.95E-005
3.1296504E-008, 4.27E-005
3.1297985E-008, 3.44E-005
3.1299467E-008, 3.37E-005
3.1300948E-008, 3.90E-005
3.1302430E-008, 5.25E-005
3.1303911E-008, 2.99E-005
3.1305393E-008, 3.51E-005
3.1306874E-008, 5.32E-005
3.1308356E-008, 6.58E-005
3.1309837E-008, 5.72E-005
3.1311319E-008, 7.12E-005
3.1312800E-008, 8.03E-005
3.1314281E-008, 8.08E-005
3.1315763E-008, 1.012E-004
3.1317244E-008, 5.07E-005
3.1318726E-008, 9.08E-005
3.1320207E-008, 9.57E-005
3.1321689E-008, 9.90E-005
3.1323170E-008, 1.067E-004
3.1324652E-008, 8.85E-005
3.1326133E-008, 8.21E-005
3.1327615E-008, 1.153E-004
3.1329096E-008, 7.09E-005
3.1330578E-008, 9.87E-005
3.1332059E-008, 8.69E-005
3.1333541E-008, 3.89E-005
3.1335022E-008, 7.01E-005
3.1336504E-008, 9.02E-005
3.1337985E-008, 4.70E-005
3.1339467E-008, 4.14E-005
3.1340948E-008, 4.80E-005
3.1342430E-008, 6.73E-005
3.1343911E-008, 5.59E-005
3.1345393E-008, 3.98E-005
3.1346874E-008, 4.89E-005
3.1348356E-008, 3.37E-005
3.1349837E-008, 3.21E-005
3.1351319E-008, 2.92E-005
3.1352800E-008, 6.81E-005
3.1354281E-008, 4.05E-005
3.1355763E-008, 6.4E-006
3.1357244E-008, 1.84E-005
3.1358726E-008, 3.95E-005
3.1360207E-008, 3.33E-005
3.1361689E-008, 6.79E-005
3.1363170E-008, 7.42E-005
3.1364652E-008, 6.32E-005
3.1366133E-008, 5.23E-005
3.1367615E-008, 3.60E-005
3.1369096E-008, 3.99E-005
3.1370578E-008, 6.73E-005
3.1372059E-008, 3.99E-005
3.1373541E-008, 7.50E-005
3.1375022E-008, 5.59E-005
3.1376504E-008, 4.18E-005
3.1377985E-008, 4.30E-005
3.1379467E-008, 5.87E-005
3.1380948E-008, 3.54E-005
3.1382430E-008, 5.90E-005
3.1383911E-008, 4.58E-005
3.1385393E-008, 5.95E-005
3.1386874E-008, 9.77E-005
3.1388356E-008, 5.60E-005
3.1389837E-008, 5.79E-005
3.1391319E-008, 3.09E-005
3.1392800E-008, 5.36E-005
3.1394281E-008, 4.38E-005
3.1395763E-008, 4.60E-005
3.1397244E-008, 3.28E-005
3.1398726E-008, 4.74E-005
3.1400207E-008, 2.39E-005
3.1401689E-008, 5.28E-005
3.1403170E-008, 4.88E-005
3.1404652E-008, 3.17E-005
3.1406133E-008, 4.53E-005
3.1407615E-008, 4.13E-005
3.1409096E-008, 3.29E-005
3.1410578E-008, 3.66E-005
3.1412059E-008, 4.31E-005
3.1413541E-008, 4.05E-005
3.1415022E-008, 5.89E-005
3.1416504E-008, 4.88E-005
3.1417985E-008, 6.95E-005
3.1419467E-008, 5.42E-005
3.1420948E-008, 4.22E-005
3.1422430E-008, 3.94E-005
3.1423911E-008, 4.57E-005
3.1425393E-008, 4.14E-005
3.1426874E-008, 3.90E-005
3.1428356E-008, 4.52E-005
3.1429837E-008, 3.60E-005
3.1431319E-008, 3.64E-005
3.1432800E-008, 5.67E-005
3.1434281E-008, 5.66E-005
3.1435763E-008, 2.60E-005
3.1437244E-008, 3.43E-005
3.1438726E-008, 5.09E-005
3.1440207E-008, 3.84E-005
3.1441689E-008, 5.21E-005
3.1443170E-008, 6.72E-005
3.1444652E-008, 5.48E-005
3.1446133E-008, 4.58E-005
3.1447615E-008, 5.55E-005
3.1449096E-008, 5.71E-005
3.1450578E-008, 3.86E-005
3.1452059E-008, 7.48E-005
3.1453541E-008, 4.96E-005
3.1455022E-008, 6.42E-005
3.1456504E-008, 4.97E-005
3.1457985E-008, 8.25E-005
3.1459467E-008, 7.08E-005
3.1460948E-008, 4.44E-005
3.1462430E-008, 5.39E-005
3.1463911E-008, 8.28E-005
3.1465393E-008, 6.38E-005
3.1466874E-008, 3.63E-005
3.1468356E-008, 6.99E-005
3.1469837E-008, 7.51E-005
3.1471319E-008, 6.68E-005
3.1472800E-008, 8.30E-005
3.1474281E-008, 8.02E-005
3.1475763E-008, 1.024E-004
3.1477244E-008, 6.85E-005
3.1478726E-008, 5.91E-005
3.1480207E-008, 6.69E-005
3.1481689E-008, 6.48E-005
3.1483170E-008, 8.36E-005
3.1484652E-008, 7.40E-005
3.1486133E-008, 8.02E-005
3.1487615E-008, 3.52E-005
3.1489096E-008, 6.54E-005
3.1490578E-008, 6.80E-005
3.1492059E-008, 5.24E-005
3.1493541E-008, 5.91E-005
3.1495022E-008, 4.93E-005
3.1496504E-008, 7.81E-005
3.1497985E-008, 4.29E-005
3.1499467E-008, 5.15E-005
3.1500948E-008, 7.70E-005
3.1502430E-008, 5.35E-005
3.1503911E-008, 7.26E-005
3.1505393E-008, 5.50E-005
3.1506874E-008, 5.77E-005
3.1508356E-008, 8.63E-005
3.1509837E-008, 7.07E-005
3.1511319E-008, 7.97E-005
3.1512800E-008, 7.03E-005
3.1514281E-008, 8.79E-005
3.1515763E-008, 7.05E-005
3.1517244E-008, 8.59E-005
3.1518726E-008, 7.71E-005
3.1520207E-008, 7.59E-005
3.1521689E-008, 9.22E-005
3.1523170E-008, 8.10E-005
3.1524652E-008, 3.43E-005
3.1526133E-008, 9.43E-005
3.1527615E-008, 7.85E-005
3.1529096E-008, 9.93E-005
3.1530578E-008, 6.22E-005
3.1532059E-008, 5.99E-005
3.1533541E-008, 8.49E-005
3.1535022E-008, 7.89E-005
3.1536504E-008, 5.44E-005
3.1537985E-008, 7.46E-005
3.1539467E-008, 5.99E-005
3.1540948E-008, 6.34E-005
3.1542430E-008, 6.21E-005
3.1543911E-008, 7.73E-005
3.1545393E-008, 6.64E-005
3.1546874E-008, 5.46E-005
3.1548356E-008, 7.32E-005
3.1549837E-008, 6.15E-005
3.1551319E-008, 7.32E-005
3.1552800E-008, 8.44E-005
3.1554281E-008, 4.33E-005
3.1555763E-008, 6.46E-005
3.1557244E-008, 6.99E-005
3.1558726E-008, 9.30E-005
3.1560207E-008, 9.08E-005
3.1561689E-008, 8.56E-005
3.1563170E-008, 9.10E-005
3.1564652E-008, 8.33E-005
3.1566133E-008, 7.77E-005
3.1567615E-008, 8.85E-005
3.1569096E-008, 7.66E-005
3.1570578E-008, 8.16E-005
3.1572059E-008, 9.69E-005
3.1573541E-008, 1.033E-004
3.1575022E-008, 5.27E-005
3.1576504E-008, 1.048E-004
3.1577985E-008, 7.52E-005
3.1579467E-008, 8.72E-005
3.1580948E-008, 7.46E-005
3.1582430E-008, 8.76E-005
3.1583911E-008, 6.84E-005
3.1585393E-008, 7.44E-005
3.1586874E-008, 6.29E-005
3.1588356E-008, 7.30E-005
3.1589837E-008, 4.84E-005
3.1591319E-008, 4.30E-005
3.1592800E-008, 7.69E-005
3.1594281E-008, 8.72E-005
3.1595763E-008, 6.29E-005
3.1597244E-008, 7.44E-005
3.1598726E-008, 2.86E-005
3.1600207E-008, 5.00E-005
3.1601689E-008, 8.75E-005
3.1603170E-008, 5.25E-005
3.1604652E-008, 5.56E-005
3.1606133E-008, 5.98E-005
3.1607615E-008, 2.42E-005
3.1609096E-008, 8.21E-005
3.1610578E-008, 5.11E-005
3.1612059E-008, 3.13E-005
3.1613541E-008, 5.77E-005
3.1615022E-008, 6.32E-005
3.1616504E-008, 7.11E-005
3.1617985E-008, 7.32E-005
3.1619467E-008, 5.89E-005
3.1620948E-008, 4.81E-005
3.1622430E-008, 5.72E-005
3.1623911E-008, 6.26E-005
3.1625393E-008, 6.54E-005
3.1626874E-008, 6.14E-005
3.1628356E-008, 7.70E-005
3.1629837E-008, 7.46E-005
3.1631319E-008, 4.74E-005
3.1632800E-008, 4.97E-005
3.1634281E-008, 5.95E-005
3.1635763E-008, 5.60E-005
3.1637244E-008, 4.83E-005
3.1638726E-008, 4.36E-005
3.1640207E-008, 5.44E-005
3.1641689E-008, 4.92E-005
3.1643170E-008, 4.38E-005
3.1644652E-008, 6.11E-005
3.1646133E-008, 5.90E-005
3.1647615E-008, 2.11E-005
3.1649096E-008, 3.64E-005
3.1650578E-008, 5.59E-005
3.1652059E-008, 5.20E-005
3.1653541E-008, 3.46E-005
3.1655022E-008, 6.85E-005
3.1656504E-008, 6.50E-005
3.1657985E-008, 7.56E-005
3.1659467E-008, 6.93E-005
3.1660948E-008, 3.07E-005
3.1662430E-008, 9.12E-005
3.1663911E-008, 5.91E-005
3.1665393E-008, 3.43E-005
3.1666874E-008, 8.28E-005
3.1668356E-008, 7.74E-005
3.1669837E-008, 8.99E-005
3.1671319E-008, 5.31E-005
3.1672800E-008, 7.15E-005
3.1674281E-008, 5.60E-005
3.1675763E-008, 8.59E-005
3.1677244E-008, 8.05E-005
3.1678726E-008, 3.80E-005
3.1680207E-008, 6.72E-005
3.1681689E-008, 7.95E-005
3.1683170E-008, 6.92E-005
3.1684652E-008, 6.89E-005
3.1686133E-008, 8.38E-005
3.1687615E-008, 9.26E-005
3.1689096E-008, 6.33E-005
3.1690578E-008, 5.27E-005
3.1692059E-008, 5.34E-005
3.1693541E-008, 6.87E-005
3.1695022E-008, 5.59E-005
3.1696504E-008, 4.05E-005
3.1697985E-008, 3.75E-005
3.1699467E-008, 4.29E-005
3.1700948E-008, 3.84E-005
3.1702430E-008, 4.34E-005
3.1703911E-008, 4.44E-005
3.1705393E-008, 3.50E-005
3.1706874E-008, 3.47E-005
3.1708356E-008, 4.15E-005
3.1709837E-008, 3.87E-005
3.1711319E-008, 3.72E-005
3.1712800E-008, 5.98E-005
3.1714281E-008, 3.11E-005
3.1715763E-008, 5.15E-005
3.1717244E-008, 3.11E-005
3.1718726E-008, 3.74E-005
3.1720207E-008, 4.72E-005
3.1721689E-008, 7.39E-005
3.1723170E-008, 5.98E-005
3.1724652E-008, 4.05E-005
3.1726133E-008, 7.05E-005
3.1727615E-008, 7.20E-005
3.1729096E-008, 7.73E-005
3.1730578E-008, 4.17E-005
3.1732059E-008, 9.98E-005
3.1733541E-008, 5.32E-005
3.1735022E-008, 2.47E-005
3.1736504E-008, 6.09E-005
3.1737985E-008, 4.01E-005
3.1739467E-008, 6.84E-005
3.1740948E-008, 5.77E-005
3.1742430E-008, 7.51E-005
3.1743911E-008, 5.23E-005
3.1745393E-008, 6.65E-005
3.1746874E-008, 7.20E-005
3.1748356E-008, 5.90E-005
3.1749837E-008, 8.17E-005
3.1751319E-008, 5.44E-005
3.1752800E-008, 7.12E-005
3.1754281E-008, 4.85E-005
3.1755763E-008, 6.34E-005
3.1757244E-008, 6.01E-005
3.1758726E-008, 6.54E-005
3.1760207E-008, 7.05E-005
3.1761689E-008, 4.87E-005
3.1763170E-008, 8.25E-005
3.1764652E-008, 8.91E-005
3.1766133E-008, 5.78E-005
3.1767615E-008, 5.62E-005
3.1769096E-008, 5.46E-005
3.1770578E-008, 6.17E-005
3.1772059E-008, 5.74E-005
3.1773541E-008, 7.16E-005
3.1775022E-008, 9.07E-005
3.1776504E-008, 7.55E-005
3.1777985E-008, 8.25E-005
3.1779467E-008, 6.22E-005
3.1780948E-008, 6.60E-005
3.1782430E-008, 8.77E-005
3.1783911E-008, 5.68E-005
3.1785393E-008, 6.83E-005
3.1786874E-008, 8.48E-005
3.1788356E-008, 7.35E-005
3.1789837E-008, 9.62E-005
3.1791319E-008, 1.014E-004
3.1792800E-008, 7.18E-005
3.1794281E-008, 7.67E-005
3.1795763E-008, 5.27E-005
3.1797244E-008, 7.22E-005
3.1798726E-008, 9.59E-005
3.1800207E-008, 6.93E-005
3.1801689E-008, 5.11E-005
3.1803170E-008, 5.83E-005
3.1804652E-008, 7.20E-005
3.1806133E-008, 6.01E-005
3.1807615E-008, 4.78E-005
3.1809096E-008, 7.35E-005
3.1810578E-008, 6.48E-005
3.1812059E-008, 8.71E-005
3.1813541E-008, 7.39E-005
3.1815022E-008, 6.80E-005
3.1816504E-008, 6.37E-005
3.1817985E-008, 5.97E-005
3.1819467E-008, 8.02E-005
3.1820948E-008, 9.70E-005
3.1822430E-008, 5.94E-005
3.1823911E-008, 5.56E-005
3.1825393E-008, 8.73E-005
3.1826874E-008, 7.35E-005
3.1828356E-008, 5.68E-005
3.1829837E-008, 8.22E-005
3.1831319E-008, 8.84E-005
3.1832800E-008, 6.41E-005
3.1834281E-008, 4.36E-005
3.1835763E-008, 9.31E-005
3.1837244E-008, 5.51E-005
3.1838726E-008, 9.46E-005
3.1840207E-008, 8.84E-005
3.1841689E-008, 7.09E-005
3.1843170E-008, 7.75E-005
3.1844652E-008, 7.16E-005
3.1846133E-008, 9.81E-005
3.1847615E-008, 8.45E-005
3.1849096E-008, 7.97E-005
3.1850578E-008, 7.71E-005
3.1852059E-008, 5.95E-005
3.1853541E-008, 8.50E-005
3.1855022E-008, 8.53E-005
3.1856504E-008, 7.35E-005
3.1857985E-008, 8.68E-005
3.1859467E-008, 4.78E-005
3.1860948E-008, 6.93E-005
3.1862430E-008, 5.90E-005
3.1863911E-008, 6.02E-005
3.1865393E-008, 6.62E-005
3.1866874E-008, 6.18E-005
3.1868356E-008, 7.01E-005
3.1869837E-008, 1.302E-004
3.1871319E-008, 1.529E-004
3.1872800E-008, 1.717E-004
3.1874281E-008, 3.002E-004
3.1875763E-008, 4.589E-004
3.1877244E-008, 5.403E-004
3.1878726E-008, 7.543E-004
3.1880207E-008, 9.933E-004
3.1881689E-008, 1.0626E-003
3.1883170E-008, 1.3641E-003
3.1884652E-008, 1.6111E-003
3.1886133E-008, 2.1331E-003
3.1887615E-008, 2.0193E-003
3.1889096E-008, 2.1000E-003
3.1890578E-008, 2.9941E-003
3.1892059E-008, 2.5189E-003
3.1893541E-008, 3.0616E-003
3.1895022E-008, 2.5028E-003
3.1896504E-008, 3.4304E-003
3.1897985E-008, 2.3989E-003
3.1899467E-008, 2.8079E-003
3.1900948E-008, 2.5119E-003
3.1902430E-008, 2.6265E-003
3.1903911E-008, 2.9902E-003
3.1905393E-008, 2.8411E-003
3.1906874E-008, 2.7613E-003
3.1908356E-008, 2.4664E-003
3.1909837E-008, 2.1981E-003
3.1911319E-008, 3.0197E-003
3.1912800E-008, 2.5804E-003
3.1914281E-008, 2.1773E-003
3.1915763E-008, 2.0001E-003
3.1917244E-008, 2.0089E-003
3.1918726E-008, 1.9576E-003
3.1920207E-008, 1.4867E-003
3.1921689E-008, 1.2141E-003
3.1923170E-008, 9.783E-004
3.1924652E-008, 1.0000E-003
3.1926133E-008, 5.431E-004
3.1927615E-008, 3.969E-004
3.1929096E-008, 2.386E-004
3.1930578E-008, 8.59E-005
3.1932059E-008, 5.81E-005
3.1933541E-008, 1.62E-005
3.1935022E-008, -2.57E-005
3.1936504E-008, -1.89E-005
3.1937985E-008, -6.38E-005
3.1939467E-008, -3.50E-005
3.1940948E-008, -2.80E-005
3.1942430E-008, -4.55E-005
3.1943911E-008, -3.92E-005
3.1945393E-008, -7.6E-006
3.1946874E-008, -2.68E-005
3.1948356E-008, 3.16E-005
3.1949837E-008, 1.90E-005
3.1951319E-008, 3.13E-005
3.1952800E-008, 2.46E-005
3.1954281E-008, 2.15E-005
3.1955763E-008, 2.09E-005
3.1957244E-008, 2.88E-005
3.1958726E-008, 4.34E-005
3.1960207E-008, 4.34E-005
3.1961689E-008, 3.52E-005
3.1963170E-008, 2.95E-005
3.1964652E-008, -3.3E-006
3.1966133E-008, 1.74E-005
3.1967615E-008, 6.17E-005
3.1969096E-008, 2.76E-005
3.1970578E-008, 4.54E-005
3.1972059E-008, 2.69E-005
3.1973541E-008, 4.54E-005
3.1975022E-008, 3.05E-005
3.1976504E-008, 1.24E-005
3.1977985E-008, 3.03E-005
3.1979467E-008, 8.8E-006
3.1980948E-008, 1.4E-006
3.1982430E-008, 5.13E-005
3.1983911E-008, 3.75E-005
3.1985393E-008, 2.88E-005
3.1986874E-008, 4.52E-005
3.1988356E-008, 4.36E-005
3.1989837E-008, 5.09E-005
3.1991319E-008, 3.60E-005
3.1992800E-008, 1.72E-005
3.1994281E-008, 5.98E-005
3.1995763E-008, 3.71E-005
3.1997244E-008, 4.31E-005
3.1998726E-008, 2.42E-005
3.2000207E-008, 1.68E-005
3.2001689E-008, 4.57E-005
3.2003170E-008, 5.42E-005
3.2004652E-008, 4.88E-005
3.2006133E-008, 5.01E-005
3.2007615E-008, 4.37E-005
3.2009096E-008, 4.26E-005
3.2010578E-008, 7.79E-005
3.2012059E-008, 7.00E-005
3.2013541E-008, 5.40E-005
3.2015022E-008, 4.22E-005
3.2016504E-008, 2.38E-005
3.2017985E-008, 4.33E-005
3.2019467E-008, 6.88E-005
3.2020948E-008, 6.25E-005
3.2022430E-008, 5.24E-005
3.2023911E-008, 4.13E-005
3.2025393E-008, 5.07E-005
3.2026874E-008, 3.03E-005
3.2028356E-008, 4.42E-005
3.2029837E-008, 4.91E-005
3.2031319E-008, 4.33E-005
3.2032800E-008, 4.15E-005
3.2034281E-008, 6.32E-005
3.2035763E-008, 5.55E-005
3.2037244E-008, 7.04E-005
3.2038726E-008, 4.70E-005
3.2040207E-008, 4.26E-005
3.2041689E-008, 3.58E-005
3.2043170E-008, 5.34E-005
3.2044652E-008, 6.15E-005
3.2046133E-008, 7.66E-005
3.2047615E-008, 5.89E-005
3.2049096E-008, 3.16E-005
3.2050578E-008, 6.26E-005
3.2052059E-008, 3.59E-005
3.2053541E-008, 4.56E-005
3.2055022E-008, 3.56E-005
3.2056504E-008, 4.50E-005
3.2057985E-008, 4.25E-005
3.2059467E-008, -2.1E-006
3.2060948E-008, 4.74E-005
3.2062430E-008, 3.56E-005
3.2063911E-008, 2.15E-005
3.2065393E-008, 2.11E-005
3.2066874E-008, 4.87E-005
3.2068356E-008, 4.72E-005
3.2069837E-008, 4.96E-005
3.2071319E-008, 5.36E-005
3.2072800E-008, 6.10E-005
3.2074281E-008, 5.08E-005
3.2075763E-008, 5.20E-005
3.2077244E-008, 3.97E-005
3.2078726E-008, 3.86E-005
3.2080207E-008, 2.19E-005
3.2081689E-008, 1.24E-005
3.2083170E-008, 4.54E-005
3.2084652E-008, 1.45E-005
3.2086133E-008, 3.44E-005
3.2087615E-008, 2.29E-005
3.2089096E-008, 4.85E-005
3.2090578E-008, 3.83E-005
3.2092059E-008, 3.42E-005
3.2093541E-008, 5.68E-005
3.2095022E-008, 3.64E-005
3.2096504E-008, 3.86E-005
3.2097985E-008, 3.59E-005
3.2099467E-008, 5.44E-005
3.2100948E-008, 1.62E-005
3.2102430E-008, 6.29E-005
3.2103911E-008, 4.01E-005
3.2105393E-008, 3.39E-005
3.2106874E-008, 3.03E-005
3.2108356E-008, 4.73E-005
3.2109837E-008, 3.89E-005
3.2111319E-008, 6.85E-005
3.2112800E-008, 4.64E-005
3.2114281E-008, 6.84E-005
3.2115763E-008, 7.05E-005
3.2117244E-008, 6.37E-005
3.2118726E-008, 9.23E-005
3.2120207E-008, 4.88E-005
3.2121689E-008, 6.88E-005
3.2123170E-008, 8.68E-005
3.2124652E-008, 8.68E-005
3.2126133E-008, 1.175E-004
3.2127615E-008, 1.196E-004
3.2129096E-008, 1.079E-004
3.2130578E-008, 8.92E-005
3.2132059E-008, 1.092E-004
3.2133541E-008, 9.24E-005
3.2135022E-008, 1.146E-004
3.2136504E-008, 9.53E-005
3.2137985E-008, 8.48E-005
3.2139467E-008, 8.99E-005
3.2140948E-008, 3.91E-005
3.2142430E-008, 7.74E-005
3.2143911E-008, 3.94E-005
3.2145393E-008, 6.45E-005
3.2146874E-008, 4.03E-005
3.2148356E-008, 3.62E-005
3.2149837E-008, 2.26E-005
3.2151319E-008, 3.46E-005
3.2152800E-008, 1.99E-005
3.2154281E-008, 6.21E-005
3.2155763E-008, 5.32E-005
3.2157244E-008, 4.76E-005
3.2158726E-008, 3.90E-005
3.2160207E-008, 3.21E-005
3.2161689E-008, 5.35E-005
3.2163170E-008, 2.49E-005
3.2164652E-008, 4.23E-005
3.2166133E-008, 4.09E-005
3.2167615E-008, 2.95E-005
3.2169096E-008, 4.11E-005
3.2170578E-008, 6.14E-005
3.2172059E-008, 4.44E-005
3.2173541E-008, 5.52E-005
3.2175022E-008, 5.11E-005
3.2176504E-008, 6.88E-005
3.2177985E-008, 8.97E-005
3.2179467E-008, 8.56E-005
3.2180948E-008, 5.72E-005
3.2182430E-008, 4.81E-005
3.2183911E-008, 5.01E-005
3.2185393E-008, 4.64E-005
3.2186874E-008, 5.78E-005
3.2188356E-008, 5.08E-005
3.2189837E-008, 3.64E-005
3.2191319E-008, 4.87E-005
3.2192800E-008, 2.43E-005
3.2194281E-008, 5.85E-005
3.2195763E-008, 7.69E-005
3.2197244E-008, 5.50E-005
3.2198726E-008, 3.46E-005
3.2200207E-008, 3.54E-005
3.2201689E-008, 6.64E-005
3.2203170E-008, 3.20E-005
3.2204652E-008, 5.16E-005
3.2206133E-008, 3.94E-005
3.2207615E-008, 4.49E-005
3.2209096E-008, 1.00E-005
3.2210578E-008, 3.48E-005
3.2212059E-008, 1.98E-005
3.2213541E-008, 7.3E-006
3.2215022E-008, 2.96E-005
3.2216504E-008, 3.15E-005
3.2217985E-008, 3.05E-005
3.2219467E-008, 4.91E-005
3.2220948E-008, 4.88E-005
3.2222430E-008, 3.54E-005
3.2223911E-008, 4.26E-005
3.2225393E-008, 3.50E-005
3.2226874E-008, 5.35E-005
3.2228356E-008, 6.09E-005
3.2229837E-008, 6.52E-005
3.2231319E-008, 3.86E-005
3.2232800E-008, 7.05E-005
3.2234281E-008, 6.11E-005
3.2235763E-008, 5.30E-005
3.2237244E-008, 5.00E-005
3.2238726E-008, 6.24E-005
3.2240207E-008, 5.40E-005
3.2241689E-008, 3.07E-005
3.2243170E-008, 2.90E-005
3.2244652E-008, 2.29E-005
3.2246133E-008, 5.70E-005
3.2247615E-008, 3.46E-005
3.2249096E-008, 4.78E-005
3.2250578E-008, 4.15E-005
3.2252059E-008, 4.44E-005
3.2253541E-008, 1.87E-005
3.2255022E-008, 6.93E-005
3.2256504E-008, 7.28E-005
3.2257985E-008, 4.96E-005
3.2259467E-008, 4.07E-005
3.2260948E-008, 5.23E-005
3.2262430E-008, 8.48E-005
3.2263911E-008, 5.79E-005
3.2265393E-008, 6.41E-005
3.2266874E-008, 1.000E-004
3.2268356E-008, 5.36E-005
3.2269837E-008, 8.01E-005
3.2271319E-008, 8.44E-005
3.2272800E-008, 5.77E-005
3.2274281E-008, 8.60E-005
3.2275763E-008, 1.131E-004
3.2277244E-008, 7.86E-005
3.2278726E-008, 5.99E-005
3.2280207E-008, 8.44E-005
3.2281689E-008, 4.60E-005
3.2283170E-008, 6.11E-005
3.2284652E-008, 6.32E-005
3.2286133E-008, 7.34E-005
3.2287615E-008, 8.80E-005
3.2289096E-008, 7.14E-005
3.2290578E-008, 7.71E-005
3.2292059E-008, 5.52E-005
3.2293541E-008, 3.93E-005
3.2295022E-008, 6.36E-005
3.2296504E-008, 7.27E-005
3.2297985E-008, 6.19E-005
3.2299467E-008, 5.75E-005
3.2300948E-008, 7.93E-005
3.2302430E-008, 6.49E-005
3.2303911E-008, 5.35E-005
3.2305393E-008, 5.66E-005
3.2306874E-008, 7.43E-005
3.2308356E-008, 6.83E-005
3.2309837E-008, 8.26E-005
3.2311319E-008, 9.39E-005
3.2312800E-008, 6.79E-005
3.2314281E-008, 8.89E-005
3.2315763E-008, 7.08E-005
3.2317244E-008, 8.13E-005
3.2318726E-008, 8.10E-005
3.2320207E-008, 7.55E-005
3.2321689E-008, 7.04E-005
3.2323170E-008, 9.23E-005
3.2324652E-008, 1.139E-004
3.2326133E-008, 7.03E-005
3.2327615E-008, 9.22E-005
3.2329096E-008, 9.27E-005
3.2330578E-008, 6.58E-005
3.2332059E-008, 4.88E-005
3.2333541E-008, 8.10E-005
3.2335022E-008, 6.71E-005
3.2336504E-008, 6.48E-005
3.2337985E-008, 4.52E-005
3.2339467E-008, 6.29E-005
3.2340948E-008, 6.56E-005
3.2342430E-008, 7.34E-005
3.2343911E-008, 6.75E-005
3.2345393E-008, 8.83E-005
3.2346874E-008, 8.22E-005
3.2348356E-008, 6.32E-005
3.2349837E-008, 6.85E-005
3.2351319E-008, 4.69E-005
3.2352800E-008, 6.25E-005
3.2354281E-008, 6.49E-005
3.2355763E-008, 6.97E-005
3.2357244E-008, 5.85E-005
3.2358726E-008, 9.18E-005
3.2360207E-008, 5.16E-005
3.2361689E-008, 7.26E-005
3.2363170E-008, 7.11E-005
3.2364652E-008, 4.81E-005
3.2366133E-008, 8.92E-005
3.2367615E-008, 7.32E-005
3.2369096E-008, 7.28E-005
3.2370578E-008, 7.40E-005
3.2372059E-008, 8.06E-005
3.2373541E-008, 9.57E-005
3.2375022E-008, 7.55E-005
3.2376504E-008, 7.23E-005
3.2377985E-008, 9.54E-005
3.2379467E-008, 7.28E-005
3.2380948E-008, 7.39E-005
3.2382430E-008, 8.33E-005
3.2383911E-008, 1.170E-004
3.2385393E-008, 7.97E-005
3.2386874E-008, 8.48E-005
3.2388356E-008, 6.03E-005
3.2389837E-008, 6.62E-005
3.2391319E-008, 1.033E-004
3.2392800E-008, 9.46E-005
3.2394281E-008, 8.77E-005
3.2395763E-008, 7.79E-005
3.2397244E-008, 5.94E-005
3.2398726E-008, 6.91E-005
3.2400207E-008, 4.29E-005
3.2401689E-008, 5.54E-005
3.2403170E-008, 5.46E-005
3.2404652E-008, 7.08E-005
3.2406133E-008, 6.77E-005
3.2407615E-008, 6.75E-005
3.2409096E-008, 3.84E-005
3.2410578E-008, 7.09E-005
3.2412059E-008, 5.40E-005
3.2413541E-008, 4.83E-005
3.2415022E-008, 4.96E-005
3.2416504E-008, 6.54E-005
3.2417985E-008, 6.93E-005
3.2419467E-008, 6.13E-005
3.2420948E-008, 6.36E-005
3.2422430E-008, 5.55E-005
3.2423911E-008, 7.11E-005
3.2425393E-008, 4.42E-005
3.2426874E-008, 3.25E-005
3.2428356E-008, 6.05E-005
3.2429837E-008, 5.34E-005
3.2431319E-008, 5.12E-005
3.2432800E-008, 7.46E-005
3.2434281E-008, 5.85E-005
3.2435763E-008, 3.74E-005
3.2437244E-008, 4.23E-005
3.2438726E-008, 4.64E-005
3.2440207E-008, 5.16E-005
3.2441689E-008, 5.19E-005
3.2443170E-008, 6.60E-005
3.2444652E-008, 4.38E-005
3.2446133E-008, 3.50E-005
3.2447615E-008, 1.76E-005
3.2449096E-008, 7.03E-005
3.2450578E-008, 5.93E-005
3.2452059E-008, 5.00E-005
3.2453541E-008, 3.80E-005
3.2455022E-008, 4.57E-005
3.2456504E-008, 6.49E-005
3.2457985E-008, 5.19E-005
3.2459467E-008, 2.00E-005
3.2460948E-008, 5.25E-005
3.2462430E-008, 3.71E-005
3.2463911E-008, 5.17E-005
3.2465393E-008, 5.78E-005
3.2466874E-008, 1.72E-005
3.2468356E-008, 4.19E-005
3.2469837E-008, 5.72E-005
3.2471319E-008, 7.03E-005
3.2472800E-008, 4.76E-005
3.2474281E-008, 7.18E-005
3.2475763E-008, 4.49E-005
3.2477244E-008, 7.31E-005
3.2478726E-008, 9.87E-005
3.2480207E-008, 6.52E-005
3.2481689E-008, 5.36E-005
3.2483170E-008, 7.87E-005
3.2484652E-008, 6.85E-005
3.2486133E-008, 7.08E-005
3.2487615E-008, 9.43E-005
3.2489096E-008, 6.57E-005
3.2490578E-008, 7.48E-005
3.2492059E-008, 6.50E-005
3.2493541E-008, 9.44E-005
3.2495022E-008, 8.49E-005
3.2496504E-008, 6.02E-005
3.2497985E-008, 6.68E-005
3.2499467E-008, 8.21E-005
3.2500948E-008, 5.19E-005
3.2502430E-008, 6.56E-005
3.2503911E-008, 6.01E-005
3.2505393E-008, 5.95E-005
3.2506874E-008, 5.66E-005
3.2508356E-008, 1.58E-005
3.2509837E-008, 7.04E-005
3.2511319E-008, 4.73E-005
3.2512800E-008, 1.76E-005
3.2514281E-008, 4.18E-005
3.2515763E-008, 2.62E-005
3.2517244E-008, 6.33E-005
3.2518726E-008, 5.48E-005
3.2520207E-008, 5.94E-005
3.2521689E-008, 4.36E-005
3.2523170E-008, 4.26E-005
3.2524652E-008, 7.19E-005
3.2526133E-008, 3.12E-005
3.2527615E-008, 5.58E-005
3.2529096E-008, 5.71E-005
3.2530578E-008, 2.43E-005
3.2532059E-008, 4.69E-005
3.2533541E-008, 4.33E-005
3.2535022E-008, 4.66E-005
3.2536504E-008, 5.55E-005
3.2537985E-008, 8.17E-005
3.2539467E-008, 6.56E-005
3.2540948E-008, 6.29E-005
3.2542430E-008, 7.74E-005
3.2543911E-008, 6.93E-005
3.2545393E-008, 4.81E-005
3.2546874E-008, 8.53E-005
3.2548356E-008, 8.30E-005
3.2549837E-008, 6.69E-005
3.2551319E-008, 5.87E-005
3.2552800E-008, 4.89E-005
3.2554281E-008, 6.05E-005
3.2555763E-008, 9.12E-005
3.2557244E-008, 7.99E-005
3.2558726E-008, 5.68E-005
3.2560207E-008, 4.34E-005
3.2561689E-008, 4.58E-005
3.2563170E-008, 6.71E-005
3.2564652E-008, 7.16E-005
3.2566133E-008, 4.64E-005
3.2567615E-008, 5.21E-005
3.2569096E-008, 5.86E-005
3.2570578E-008, 5.86E-005
3.2572059E-008, 4.72E-005
3.2573541E-008, 5.52E-005
3.2575022E-008, 7.77E-005
3.2576504E-008, 4.74E-005
3.2577985E-008, 6.45E-005
3.2579467E-008, 7.43E-005
3.2580948E-008, 6.97E-005
3.2582430E-008, 7.19E-005
3.2583911E-008, 9.34E-005
3.2585393E-008, 8.20E-005
3.2586874E-008, 4.76E-005
3.2588356E-008, 5.68E-005
3.2589837E-008, 8.28E-005
3.2591319E-008, 7.20E-005
3.2592800E-008, 5.15E-005
3.2594281E-008, 5.34E-005
3.2595763E-008, 6.42E-005
3.2597244E-008, 9.03E-005
3.2598726E-008, 6.93E-005
3.2600207E-008, 7.09E-005
3.2601689E-008, 7.28E-005
3.2603170E-008, 7.14E-005
3.2604652E-008, 5.32E-005
3.2606133E-008, 7.38E-005
3.2607615E-008, 9.30E-005
3.2609096E-008, 5.78E-005
3.2610578E-008, 8.63E-005
3.2612059E-008, 6.81E-005
3.2613541E-008, 6.37E-005
3.2615022E-008, 8.46E-005
3.2616504E-008, 8.59E-005
3.2617985E-008, 5.86E-005
3.2619467E-008, 1.002E-004
3.2620948E-008, 8.21E-005
3.2622430E-008, 5.56E-005
3.2623911E-008, 5.98E-005
3.2625393E-008, 7.40E-005
3.2626874E-008, 5.11E-005
3.2628356E-008, 7.24E-005
3.2629837E-008, 8.85E-005
3.2631319E-008, 7.43E-005
3.2632800E-008, 6.76E-005
3.2634281E-008, 1.075E-004
3.2635763E-008, 7.30E-005
3.2637244E-008, 5.72E-005
3.2638726E-008, 8.88E-005
3.2640207E-008, 7.19E-005
3.2641689E-008, 5.35E-005
3.2643170E-008, 7.67E-005
3.2644652E-008, 5.90E-005
3.2646133E-008, 7.19E-005
3.2647615E-008, 6.99E-005
3.2649096E-008, 6.49E-005
3.2650578E-008, 7.23E-005
3.2652059E-008, 8.69E-005
3.2653541E-008, 7.36E-005
3.2655022E-008, 7.81E-005
3.2656504E-008, 8.53E-005
3.2657985E-008, 6.62E-005
3.2659467E-008, 8.37E-005
3.2660948E-008, 7.36E-005
3.2662430E-008, 8.41E-005
3.2663911E-008, 6.32E-005
3.2665393E-008, 5.38E-005
3.2666874E-008, 6.65E-005
3.2668356E-008, 6.69E-005
3.2669837E-008, 5.74E-005
3.2671319E-008, 8.25E-005
3.2672800E-008, 5.56E-005
3.2674281E-008, 6.18E-005
3.2675763E-008, 6.71E-005
3.2677244E-008, 7.03E-005
3.2678726E-008, 1.247E-004
3.2680207E-008, 1.709E-004
3.2681689E-008, 2.732E-004
3.2683170E-008, 3.742E-004
3.2684652E-008, 5.315E-004
3.2686133E-008, 6.345E-004
3.2687615E-008, 6.063E-004
3.2689096E-008, 1.0658E-003
3.2690578E-008, 1.2965E-003
3.2692059E-008, 1.5892E-003
3.2693541E-008, 2.2987E-003
3.2695022E-008, 1.9529E-003
3.2696504E-008, 2.1056E-003
3.2697985E-008, 2.2568E-003
3.2699467E-008, 3.0665E-003
3.2700948E-008, 2.8055E-003
3.2702430E-008, 2.8309E-003
3.2703911E-008, 2.1065E-003
3.2705393E-008, 3.0017E-003
3.2706874E-008, 2.7573E-003
3.2708356E-008, 2.9647E-003
3.2709837E-008, 2.2975E-003
3.2711319E-008, 2.7460E-003
3.2712800E-008, 2.5941E-003
3.2714281E-008, 3.2773E-003
3.2715763E-008, 2.6061E-003
3.2717244E-008, 2.2589E-003
3.2718726E-008, 2.9720E-003
3.2720207E-008, 2.3304E-003
3.2721689E-008, 2.2407E-003
3.2723170E-008, 2.5281E-003
3.2724652E-008, 1.9945E-003
3.2726133E-008, 1.5274E-003
3.2727615E-008, 1.3290E-003
3.2729096E-008, 1.2376E-003
3.2730578E-008, 1.2001E-003
3.2732059E-008, 9.198E-004
3.2733541E-008, 7.633E-004
3.2735022E-008, 4.291E-004
3.2736504E-008, 3.332E-004
3.2737985E-008, 1.420E-004
3.2739467E-008, 6.38E-005
3.2740948E-008, 3.95E-005
3.2742430E-008, -2.59E-005
3.2743911E-008, -2.36E-005
3.2745393E-008, -2.09E-005
3.2746874E-008, -2.74E-005
3.2748356E-008, -5.57E-005
3.2749837E-008, -4.32E-005
3.2751319E-008, -4.74E-005
3.2752800E-008, 0.0E+000
3.2754281E-008, -5.2E-006
3.2755763E-008, 2.80E-005
3.2757244E-008, -1.3E-006
3.2758726E-008, 5.30E-005
3.2760207E-008, 3.04E-005
3.2761689E-008, 3.50E-005
3.2763170E-008, 6.19E-005
3.2764652E-008, 3.83E-005
3.2766133E-008, 3.62E-005
3.2767615E-008, 3.21E-005
3.2769096E-008, 3.86E-005
3.2770578E-008, 2.69E-005
3.2772059E-008, 2.90E-005
3.2773541E-008, 1.09E-005
3.2775022E-008, 2.47E-005
3.2776504E-008, 4.11E-005
3.2777985E-008, 6.37E-005
3.2779467E-008, 6.4E-006
3.2780948E-008, 1.96E-005
3.2782430E-008, 4.50E-005
3.2783911E-008, 3.37E-005
3.2785393E-008, 3.03E-005
3.2786874E-008, 5.74E-005
3.2788356E-008, 3.13E-005
3.2789837E-008, 4.31E-005
3.2791319E-008, 6.87E-005
3.2792800E-008, 4.56E-005
3.2794281E-008, 2.62E-005
3.2795763E-008, 5.12E-005
3.2797244E-008, 3.40E-005
3.2798726E-008, 1.88E-005
3.2800207E-008, 3.44E-005
3.2801689E-008, 4.95E-005
3.2803170E-008, 5.08E-005
3.2804652E-008, 6.07E-005
3.2806133E-008, 2.23E-005
3.2807615E-008, 6.60E-005
3.2809096E-008, 4.80E-005
3.2810578E-008, 5.34E-005
3.2812059E-008, 5.90E-005
3.2813541E-008, 6.06E-005
3.2815022E-008, 4.87E-005
3.2816504E-008, 4.15E-005
3.2817985E-008, 4.83E-005
3.2819467E-008, 5.68E-005
3.2820948E-008, 7.04E-005
3.2822430E-008, 5.89E-005
3.2823911E-008, 3.50E-005
3.2825393E-008, 4.11E-005
3.2826874E-008, 5.67E-005
3.2828356E-008, 7.18E-005
3.2829837E-008, 3.32E-005
3.2831319E-008, 4.81E-005
3.2832800E-008, 5.35E-005
3.2834281E-008, 8.42E-005
3.2835763E-008, 5.81E-005
3.2837244E-008, 1.90E-005
3.2838726E-008, 4.06E-005
3.2840207E-008, 4.15E-005
3.2841689E-008, 6.32E-005
3.2843170E-008, 5.39E-005
3.2844652E-008, 4.58E-005
3.2846133E-008, 3.82E-005
3.2847615E-008, 5.23E-005
3.2849096E-008, 5.60E-005
3.2850578E-008, 4.17E-005
3.2852059E-008, 7.59E-005
3.2853541E-008, 5.24E-005
3.2855022E-008, 5.17E-005
3.2856504E-008, 3.62E-005
3.2857985E-008, 3.35E-005
3.2859467E-008, 2.46E-005
3.2860948E-008, 4.19E-005
3.2862430E-008, 2.58E-005
3.2863911E-008, 2.57E-005
3.2865393E-008, 4.37E-005
3.2866874E-008, 3.03E-005
3.2868356E-008, 6.18E-005
3.2869837E-008, 4.65E-005
3.2871319E-008, 3.60E-005
3.2872800E-008, 2.07E-005
3.2874281E-008, 7.22E-005
3.2875763E-008, 5.79E-005
3.2877244E-008, 3.54E-005
3.2878726E-008, 5.00E-005
3.2880207E-008, 1.56E-005
3.2881689E-008, 5.17E-005
3.2883170E-008, 4.41E-005
3.2884652E-008, 2.37E-005
3.2886133E-008, 2.03E-005
3.2887615E-008, 2.74E-005
3.2889096E-008, 4.22E-005
3.2890578E-008, 2.29E-005
3.2892059E-008, 3.00E-005
3.2893541E-008, 2.18E-005
3.2895022E-008, 3.05E-005
3.2896504E-008, 4.15E-005
3.2897985E-008, 5.08E-005
3.2899467E-008, 2.54E-005
3.2900948E-008, 4.89E-005
3.2902430E-008, 5.67E-005
3.2903911E-008, 3.46E-005
3.2905393E-008, 4.50E-005
3.2906874E-008, 2.92E-005
3.2908356E-008, 2.19E-005
3.2909837E-008, 4.40E-005
3.2911319E-008, 3.66E-005
