Type:          average
Points:        1350
Count:         16
XInc:          1.481481E-012
XOrg:          3.1000800000E-008
YData range:   2.68998E-003
YData center:  5.70000E-004
Coupling:      50 Ohms
XRange:        2.00000E-009
XOffset:       3.1000800000E-008
YRange:        2.32800E-003
YOffset:       5.70000E-004
Date:          03 APR 2011
Time:          16:47:18:70
Frame:         86100C:MY47440989
X Units:       second
Y Units:       Watt
XY Data:
3.1000800E-008, 6.2196E-005
3.1002281E-008, 6.2535E-005
3.1003763E-008, 4.7105E-005
3.1005244E-008, 5.6558E-005
3.1006726E-008, 6.7749E-005
3.1008207E-008, 5.6939E-005
3.1009689E-008, 6.2196E-005
3.1011170E-008, 5.8804E-005
3.1012652E-008, 6.2026E-005
3.1014133E-008, 6.8554E-005
3.1015615E-008, 5.6812E-005
3.1017096E-008, 6.5460E-005
3.1018578E-008, 5.7490E-005
3.1020059E-008, 6.4612E-005
3.1021541E-008, 5.6091E-005
3.1023022E-008, 6.6816E-005
3.1024504E-008, 5.9144E-005
3.1025985E-008, 6.0500E-005
3.1027467E-008, 5.5922E-005
3.1028948E-008, 4.6893E-005
3.1030430E-008, 6.7410E-005
3.1031911E-008, 7.4956E-005
3.1033393E-008, 8.4112E-005
3.1034874E-008, 5.8508E-005
3.1036356E-008, 6.2323E-005
3.1037837E-008, 6.5502E-005
3.1039319E-008, 6.4103E-005
3.1040800E-008, 6.2832E-005
3.1042281E-008, 6.3891E-005
3.1043763E-008, 6.6647E-005
3.1045244E-008, 5.9610E-005
3.1046726E-008, 7.2031E-005
3.1048207E-008, 7.1564E-005
3.1049689E-008, 6.4188E-005
3.1051170E-008, 6.9657E-005
3.1052652E-008, 6.3044E-005
3.1054133E-008, 7.3429E-005
3.1055615E-008, 6.1433E-005
3.1057096E-008, 7.3726E-005
3.1058578E-008, 7.2921E-005
3.1060059E-008, 6.3849E-005
3.1061541E-008, 6.7707E-005
3.1063022E-008, 6.4824E-005
3.1064504E-008, 6.7028E-005
3.1065985E-008, 6.5884E-005
3.1067467E-008, 5.8126E-005
3.1068948E-008, 6.5460E-005
3.1070430E-008, 6.4146E-005
3.1071911E-008, 6.0373E-005
3.1073393E-008, 7.7838E-005
3.1074874E-008, 8.1399E-005
3.1076356E-008, 6.7240E-005
3.1077837E-008, 5.7406E-005
3.1079319E-008, 6.4231E-005
3.1080800E-008, 7.1140E-005
3.1082281E-008, 7.2582E-005
3.1083763E-008, 5.6643E-005
3.1085244E-008, 7.0420E-005
3.1086726E-008, 6.4951E-005
3.1088207E-008, 7.4574E-005
3.1089689E-008, 7.5719E-005
3.1091170E-008, 8.1441E-005
3.1092652E-008, 7.8898E-005
3.1094133E-008, 7.1946E-005
3.1095615E-008, 9.4201E-005
3.1097096E-008, 8.8266E-005
3.1098578E-008, 1.02807E-004
3.1100059E-008, 1.04629E-004
3.1101541E-008, 1.04121E-004
3.1103022E-008, 1.16584E-004
3.1104504E-008, 1.44435E-004
3.1105985E-008, 1.45791E-004
3.1107467E-008, 2.30786E-004
3.1108948E-008, 2.46809E-004
3.1110430E-008, 2.73177E-004
3.1111911E-008, 2.97425E-004
3.1113393E-008, 2.78772E-004
3.1114874E-008, 3.11159E-004
3.1116356E-008, 4.10100E-004
3.1117837E-008, 4.30236E-004
3.1119319E-008, 4.59698E-004
3.1120800E-008, 4.02724E-004
3.1122281E-008, 5.35112E-004
3.1123763E-008, 5.91408E-004
3.1125244E-008, 6.35961E-004
3.1126726E-008, 7.29561E-004
3.1128207E-008, 7.27653E-004
3.1129689E-008, 7.90562E-004
3.1131170E-008, 6.96029E-004
3.1132652E-008, 7.89841E-004
3.1134133E-008, 8.18413E-004
3.1135615E-008, 7.51222E-004
3.1137096E-008, 9.48850E-004
3.1138578E-008, 7.78946E-004
3.1140059E-008, 9.79626E-004
3.1141541E-008, 8.71741E-004
3.1143022E-008, 9.73480E-004
3.1144504E-008, 1.005273E-003
3.1145985E-008, 9.14301E-004
3.1147467E-008, 1.060890E-003
3.1148948E-008, 9.83102E-004
3.1150430E-008, 1.080856E-003
3.1151911E-008, 9.37574E-004
3.1153393E-008, 1.009385E-003
3.1154874E-008, 9.88571E-004
3.1156356E-008, 8.62499E-004
3.1157837E-008, 9.31767E-004
3.1159319E-008, 9.96328E-004
3.1160800E-008, 1.004171E-003
3.1162281E-008, 1.007096E-003
3.1163763E-008, 9.45459E-004
3.1165244E-008, 9.23585E-004
3.1166726E-008, 8.66272E-004
3.1168207E-008, 9.61144E-004
3.1169689E-008, 9.88062E-004
3.1171170E-008, 8.41092E-004
3.1172652E-008, 8.59786E-004
3.1174133E-008, 9.01499E-004
3.1175615E-008, 8.34352E-004
3.1177096E-008, 8.87595E-004
3.1178578E-008, 9.16124E-004
3.1180059E-008, 9.17014E-004
3.1181541E-008, 9.14556E-004
3.1183022E-008, 9.24857E-004
3.1184504E-008, 9.95608E-004
3.1185985E-008, 1.003111E-003
3.1187467E-008, 1.037617E-003
3.1188948E-008, 8.26255E-004
3.1190430E-008, 9.88105E-004
3.1191911E-008, 9.36769E-004
3.1193393E-008, 8.43678E-004
3.1194874E-008, 8.99804E-004
3.1196356E-008, 1.001966E-003
3.1197837E-008, 7.88442E-004
3.1199319E-008, 8.06755E-004
3.1200800E-008, 1.015235E-003
3.1202281E-008, 1.052030E-003
3.1203763E-008, 1.051437E-003
3.1205244E-008, 7.97386E-004
3.1206726E-008, 8.60549E-004
3.1208207E-008, 8.23966E-004
3.1209689E-008, 1.017566E-003
3.1211170E-008, 9.54276E-004
3.1212652E-008, 9.78906E-004
3.1214133E-008, 8.15742E-004
3.1215615E-008, 7.38505E-004
3.1217096E-008, 1.029902E-003
3.1218578E-008, 8.77082E-004
3.1220059E-008, 8.24390E-004
3.1221541E-008, 9.58261E-004
3.1223022E-008, 9.68096E-004
3.1224504E-008, 8.75132E-004
3.1225985E-008, 7.96115E-004
3.1227467E-008, 9.28545E-004
3.1228948E-008, 7.42066E-004
3.1230430E-008, 1.007350E-003
3.1231911E-008, 8.05102E-004
3.1233393E-008, 9.08282E-004
3.1234874E-008, 8.69791E-004
3.1236356E-008, 7.92512E-004
3.1237837E-008, 9.51309E-004
3.1239319E-008, 9.66655E-004
3.1240800E-008, 9.36557E-004
3.1242281E-008, 8.87468E-004
3.1243763E-008, 1.050801E-003
3.1245244E-008, 9.23373E-004
3.1246726E-008, 8.48595E-004
3.1248207E-008, 1.024052E-003
3.1249689E-008, 1.049869E-003
3.1251170E-008, 9.36896E-004
3.1252652E-008, 9.32826E-004
3.1254133E-008, 8.86323E-004
3.1255615E-008, 8.27823E-004
3.1257096E-008, 9.58092E-004
3.1258578E-008, 1.083273E-003
3.1260059E-008, 1.006375E-003
3.1261541E-008, 9.28926E-004
3.1263022E-008, 9.50419E-004
3.1264504E-008, 9.30749E-004
3.1265985E-008, 8.09553E-004
3.1267467E-008, 9.88401E-004
3.1268948E-008, 1.019728E-003
3.1270430E-008, 1.099933E-003
3.1271911E-008, 1.048936E-003
3.1273393E-008, 1.072717E-003
3.1274874E-008, 9.42025E-004
3.1276356E-008, 9.05696E-004
3.1277837E-008, 9.48299E-004
3.1279319E-008, 9.54955E-004
3.1280800E-008, 1.056863E-003
3.1282281E-008, 9.37786E-004
3.1283763E-008, 9.17862E-004
3.1285244E-008, 1.062459E-003
3.1286726E-008, 8.62287E-004
3.1288207E-008, 1.083400E-003
3.1289689E-008, 8.72800E-004
3.1291170E-008, 9.44569E-004
3.1292652E-008, 9.22568E-004
3.1294133E-008, 9.87765E-004
3.1295615E-008, 1.012140E-003
3.1297096E-008, 9.69537E-004
3.1298578E-008, 1.028291E-003
3.1300059E-008, 9.61483E-004
3.1301541E-008, 1.031767E-003
3.1303022E-008, 9.58346E-004
3.1304504E-008, 1.024942E-003
3.1305985E-008, 9.56481E-004
3.1307467E-008, 8.86874E-004
3.1308948E-008, 9.78863E-004
3.1310430E-008, 9.02050E-004
3.1311911E-008, 9.34141E-004
3.1313393E-008, 8.88146E-004
3.1314874E-008, 9.50376E-004
3.1316356E-008, 9.76828E-004
3.1317837E-008, 8.67756E-004
3.1319319E-008, 1.132447E-003
3.1320800E-008, 1.000864E-003
3.1322281E-008, 9.65468E-004
3.1323763E-008, 9.41898E-004
3.1325244E-008, 8.55208E-004
3.1326726E-008, 8.53428E-004
3.1328207E-008, 8.49358E-004
3.1329689E-008, 1.103917E-003
3.1331170E-008, 7.62583E-004
3.1332652E-008, 8.18285E-004
3.1334133E-008, 7.31511E-004
3.1335615E-008, 7.87425E-004
3.1337096E-008, 8.99210E-004
3.1338578E-008, 7.41261E-004
3.1340059E-008, 6.01539E-004
3.1341541E-008, 6.55800E-004
3.1343022E-008, 6.13281E-004
3.1344504E-008, 5.05947E-004
3.1345985E-008, 4.52153E-004
3.1347467E-008, 5.69830E-004
3.1348948E-008, 3.77374E-004
3.1350430E-008, 5.04760E-004
3.1351911E-008, 3.72711E-004
3.1353393E-008, 2.93906E-004
3.1354874E-008, 2.74152E-004
3.1356356E-008, 2.61562E-004
3.1357837E-008, 1.93693E-004
3.1359319E-008, 2.18831E-004
3.1360800E-008, 1.82926E-004
3.1362281E-008, 1.15482E-004
3.1363763E-008, 9.7550E-005
3.1365244E-008, 1.03019E-004
3.1366726E-008, 5.7787E-005
3.1368207E-008, 5.2361E-005
3.1369689E-008, 5.3463E-005
3.1371170E-008, 3.6210E-005
3.1372652E-008, 2.3111E-005
3.1374133E-008, 2.8071E-005
3.1375615E-008, 2.7562E-005
3.1377096E-008, 2.7181E-005
3.1378578E-008, 3.7439E-005
3.1380059E-008, 2.8707E-005
3.1381541E-008, 2.6333E-005
3.1383022E-008, 4.1127E-005
3.1384504E-008, 3.8669E-005
3.1385985E-008, 4.3925E-005
3.1387467E-008, 4.5282E-005
3.1388948E-008, 3.8838E-005
3.1390430E-008, 4.4519E-005
3.1391911E-008, 4.2484E-005
3.1393393E-008, 3.6464E-005
3.1394874E-008, 2.9470E-005
3.1396356E-008, 5.5625E-005
3.1397837E-008, 3.5108E-005
3.1399319E-008, 3.7270E-005
3.1400800E-008, 4.6087E-005
3.1402281E-008, 4.7147E-005
3.1403763E-008, 3.7143E-005
3.1405244E-008, 3.4557E-005
3.1406726E-008, 4.0280E-005
3.1408207E-008, 5.7829E-005
3.1409689E-008, 4.2865E-005
3.1411170E-008, 4.2993E-005
3.1412652E-008, 4.4476E-005
3.1414133E-008, 4.6045E-005
3.1415615E-008, 4.7825E-005
3.1417096E-008, 4.9394E-005
3.1418578E-008, 4.6130E-005
3.1420059E-008, 6.9063E-005
3.1421541E-008, 3.7821E-005
3.1423022E-008, 6.1009E-005
3.1424504E-008, 3.9728E-005
3.1425985E-008, 4.5282E-005
3.1427467E-008, 5.5879E-005
3.1428948E-008, 4.0534E-005
3.1430430E-008, 4.5706E-005
3.1431911E-008, 4.6681E-005
3.1433393E-008, 4.7401E-005
3.1434874E-008, 3.4345E-005
3.1436356E-008, 2.4298E-005
3.1437837E-008, 4.2738E-005
3.1439319E-008, 4.5578E-005
3.1440800E-008, 3.5786E-005
3.1442281E-008, 5.2446E-005
3.1443763E-008, 4.9945E-005
3.1445244E-008, 5.1005E-005
3.1446726E-008, 4.1339E-005
3.1448207E-008, 4.1721E-005
3.1449689E-008, 5.8762E-005
3.1451170E-008, 4.7528E-005
3.1452652E-008, 3.9220E-005
3.1454133E-008, 4.2696E-005
3.1455615E-008, 3.3624E-005
3.1457096E-008, 4.1297E-005
3.1458578E-008, 4.5790E-005
3.1460059E-008, 4.9648E-005
3.1461541E-008, 5.4989E-005
3.1463022E-008, 3.1165E-005
3.1464504E-008, 4.7316E-005
3.1465985E-008, 3.8075E-005
3.1467467E-008, 4.5918E-005
3.1468948E-008, 5.4481E-005
3.1470430E-008, 3.8372E-005
3.1471911E-008, 3.5320E-005
3.1473393E-008, 4.8503E-005
3.1474874E-008, 4.1890E-005
3.1476356E-008, 5.6812E-005
3.1477837E-008, 4.3544E-005
3.1479319E-008, 4.5112E-005
3.1480800E-008, 3.8372E-005
3.1482281E-008, 4.0237E-005
3.1483763E-008, 3.9432E-005
3.1485244E-008, 4.2950E-005
3.1486726E-008, 5.2234E-005
3.1488207E-008, 4.3628E-005
3.1489689E-008, 4.4561E-005
3.1491170E-008, 4.6426E-005
3.1492652E-008, 4.0364E-005
3.1494133E-008, 5.0199E-005
3.1495615E-008, 3.2734E-005
3.1497096E-008, 3.8753E-005
3.1498578E-008, 5.0114E-005
3.1500059E-008, 3.9050E-005
3.1501541E-008, 4.6765E-005
3.1503022E-008, 5.3336E-005
3.1504504E-008, 5.0030E-005
3.1505985E-008, 4.3501E-005
3.1507467E-008, 4.8800E-005
3.1508948E-008, 5.2658E-005
3.1510430E-008, 3.5108E-005
3.1511911E-008, 4.7105E-005
3.1513393E-008, 4.6130E-005
3.1514874E-008, 3.6973E-005
3.1516356E-008, 4.5070E-005
3.1517837E-008, 4.4900E-005
3.1519319E-008, 5.5837E-005
3.1520800E-008, 3.6083E-005
3.1522281E-008, 5.0581E-005
3.1523763E-008, 4.5918E-005
3.1525244E-008, 5.1852E-005
3.1526726E-008, 4.6384E-005
3.1528207E-008, 3.9093E-005
3.1529689E-008, 5.1344E-005
3.1531170E-008, 5.7787E-005
3.1532652E-008, 5.6388E-005
3.1534133E-008, 5.2743E-005
3.1535615E-008, 4.2653E-005
3.1537096E-008, 5.3590E-005
3.1538578E-008, 7.4913E-005
3.1540059E-008, 6.1009E-005
3.1541541E-008, 6.0882E-005
3.1543022E-008, 6.4909E-005
3.1544504E-008, 5.9059E-005
3.1545985E-008, 4.9606E-005
3.1547467E-008, 4.9860E-005
3.1548948E-008, 6.0924E-005
3.1550430E-008, 5.6515E-005
3.1551911E-008, 5.0623E-005
3.1553393E-008, 7.1649E-005
3.1554874E-008, 6.5375E-005
3.1556356E-008, 6.2535E-005
3.1557837E-008, 5.6388E-005
3.1559319E-008, 7.0674E-005
3.1560800E-008, 6.4061E-005
3.1562281E-008, 6.0924E-005
3.1563763E-008, 5.8762E-005
3.1565244E-008, 5.0411E-005
3.1566726E-008, 5.6007E-005
3.1568207E-008, 5.1301E-005
3.1569689E-008, 5.7066E-005
3.1571170E-008, 5.2276E-005
3.1572652E-008, 4.9266E-005
3.1574133E-008, 7.2073E-005
3.1575615E-008, 6.5502E-005
3.1577096E-008, 6.0797E-005
3.1578578E-008, 5.9144E-005
3.1580059E-008, 5.4820E-005
3.1581541E-008, 6.8978E-005
3.1583022E-008, 5.3548E-005
3.1584504E-008, 5.7957E-005
3.1585985E-008, 7.1183E-005
3.1587467E-008, 5.3336E-005
3.1588948E-008, 5.3082E-005
3.1590430E-008, 5.8381E-005
3.1591911E-008, 7.9364E-005
3.1593393E-008, 5.0750E-005
3.1594874E-008, 7.5252E-005
3.1596356E-008, 6.0331E-005
3.1597837E-008, 5.8338E-005
3.1599319E-008, 6.9063E-005
3.1600800E-008, 5.8465E-005
3.1602281E-008, 5.4735E-005
3.1603763E-008, 6.1051E-005
3.1605244E-008, 6.1178E-005
3.1606726E-008, 6.9953E-005
3.1608207E-008, 6.7283E-005
3.1609689E-008, 7.6354E-005
3.1611170E-008, 7.9746E-005
3.1612652E-008, 6.9699E-005
3.1614133E-008, 6.8978E-005
3.1615615E-008, 7.3006E-005
3.1617096E-008, 5.8932E-005
3.1618578E-008, 6.0839E-005
3.1620059E-008, 6.3468E-005
3.1621541E-008, 7.7457E-005
3.1623022E-008, 6.9953E-005
3.1624504E-008, 6.1602E-005
3.1625985E-008, 5.6388E-005
3.1627467E-008, 6.6138E-005
3.1628948E-008, 6.7283E-005
3.1630430E-008, 6.8766E-005
3.1631911E-008, 7.0420E-005
3.1633393E-008, 6.8343E-005
3.1634874E-008, 4.8164E-005
3.1636356E-008, 6.2959E-005
3.1637837E-008, 6.2577E-005
3.1639319E-008, 6.0500E-005
3.1640800E-008, 7.1861E-005
3.1642281E-008, 6.0585E-005
3.1643763E-008, 6.6265E-005
3.1645244E-008, 6.1433E-005
3.1646726E-008, 5.2870E-005
3.1648207E-008, 5.7914E-005
3.1649689E-008, 5.6176E-005
3.1651170E-008, 6.9021E-005
3.1652652E-008, 6.8724E-005
3.1654133E-008, 6.9741E-005
3.1655615E-008, 6.5290E-005
3.1657096E-008, 7.7753E-005
3.1658578E-008, 7.1946E-005
3.1660059E-008, 6.1602E-005
3.1661541E-008, 6.8088E-005
3.1663022E-008, 5.7745E-005
3.1664504E-008, 7.4447E-005
3.1665985E-008, 6.6265E-005
3.1667467E-008, 5.8084E-005
3.1668948E-008, 6.1772E-005
3.1670430E-008, 8.1781E-005
3.1671911E-008, 6.9063E-005
3.1673393E-008, 7.5719E-005
3.1674874E-008, 5.8593E-005
3.1676356E-008, 6.7452E-005
3.1677837E-008, 7.3006E-005
3.1679319E-008, 5.8253E-005
3.1680800E-008, 7.0971E-005
3.1682281E-008, 7.0674E-005
3.1683763E-008, 6.3891E-005
3.1685244E-008, 7.5252E-005
3.1686726E-008, 7.0716E-005
3.1688207E-008, 7.6524E-005
3.1689689E-008, 6.4273E-005
3.1691170E-008, 7.4320E-005
3.1692652E-008, 7.7075E-005
3.1694133E-008, 6.6604E-005
3.1695615E-008, 7.1183E-005
3.1697096E-008, 6.3637E-005
3.1698578E-008, 7.2370E-005
3.1700059E-008, 6.6435E-005
3.1701541E-008, 8.4027E-005
3.1703022E-008, 7.4235E-005
3.1704504E-008, 6.6393E-005
3.1705985E-008, 7.3726E-005
3.1707467E-008, 6.7156E-005
3.1708948E-008, 7.4489E-005
3.1710430E-008, 8.6147E-005
3.1711911E-008, 7.3260E-005
3.1713393E-008, 6.3552E-005
3.1714874E-008, 5.8211E-005
3.1716356E-008, 5.3718E-005
3.1717837E-008, 6.8597E-005
3.1719319E-008, 8.2204E-005
3.1720800E-008, 8.0466E-005
3.1722281E-008, 5.5540E-005
3.1723763E-008, 7.3387E-005
3.1725244E-008, 7.2200E-005
3.1726726E-008, 8.5341E-005
3.1728207E-008, 7.4574E-005
3.1729689E-008, 7.3302E-005
3.1731170E-008, 8.8012E-005
3.1732652E-008, 7.1013E-005
3.1734133E-008, 7.8601E-005
3.1735615E-008, 5.9864E-005
3.1737096E-008, 6.5884E-005
3.1738578E-008, 7.6142E-005
3.1740059E-008, 6.8427E-005
3.1741541E-008, 7.7584E-005
3.1743022E-008, 7.7160E-005
3.1744504E-008, 7.5295E-005
3.1745985E-008, 6.3086E-005
3.1747467E-008, 6.7537E-005
3.1748948E-008, 6.9911E-005
3.1750430E-008, 6.5969E-005
3.1751911E-008, 6.6350E-005
3.1753393E-008, 5.3675E-005
3.1754874E-008, 7.2073E-005
3.1756356E-008, 7.5422E-005
3.1757837E-008, 6.7919E-005
3.1759319E-008, 5.8720E-005
3.1760800E-008, 6.4061E-005
3.1762281E-008, 7.3090E-005
3.1763763E-008, 6.8766E-005
3.1765244E-008, 5.6939E-005
3.1766726E-008, 6.7198E-005
3.1768207E-008, 7.2539E-005
3.1769689E-008, 5.5286E-005
3.1771170E-008, 6.2704E-005
3.1772652E-008, 6.7622E-005
3.1774133E-008, 6.2026E-005
3.1775615E-008, 6.9106E-005
3.1777096E-008, 5.8804E-005
3.1778578E-008, 6.2493E-005
3.1780059E-008, 6.9784E-005
3.1781541E-008, 7.7245E-005
3.1783022E-008, 7.0293E-005
3.1784504E-008, 7.8940E-005
3.1785985E-008, 6.9275E-005
3.1787467E-008, 6.4654E-005
3.1788948E-008, 5.2785E-005
3.1790430E-008, 9.6194E-005
3.1791911E-008, 6.1094E-005
3.1793393E-008, 6.2535E-005
3.1794874E-008, 8.0466E-005
3.1796356E-008, 6.2365E-005
3.1797837E-008, 6.0034E-005
3.1799319E-008, 5.9864E-005
3.1800800E-008, 7.5210E-005
3.1802281E-008, 6.9826E-005
3.1803763E-008, 6.8173E-005
3.1805244E-008, 7.6651E-005
3.1806726E-008, 6.6520E-005
3.1808207E-008, 6.6011E-005
3.1809689E-008, 6.7622E-005
3.1811170E-008, 5.7575E-005
3.1812652E-008, 7.1988E-005
3.1814133E-008, 7.1098E-005
3.1815615E-008, 7.1098E-005
3.1817096E-008, 6.8639E-005
3.1818578E-008, 7.1183E-005
3.1820059E-008, 7.7838E-005
3.1821541E-008, 5.8889E-005
3.1823022E-008, 5.1344E-005
3.1824504E-008, 6.2450E-005
3.1825985E-008, 7.6397E-005
3.1827467E-008, 6.0882E-005
3.1828948E-008, 5.6091E-005
3.1830430E-008, 6.7325E-005
3.1831911E-008, 6.7749E-005
3.1833393E-008, 5.6049E-005
3.1834874E-008, 6.5926E-005
3.1836356E-008, 6.1602E-005
3.1837837E-008, 5.9440E-005
3.1839319E-008, 5.3887E-005
3.1840800E-008, 5.8423E-005
3.1842281E-008, 6.5969E-005
3.1843763E-008, 5.9991E-005
3.1845244E-008, 6.1518E-005
3.1846726E-008, 5.7236E-005
3.1848207E-008, 5.5286E-005
3.1849689E-008, 5.6685E-005
3.1851170E-008, 4.8885E-005
3.1852652E-008, 6.3298E-005
3.1854133E-008, 6.2959E-005
3.1855615E-008, 6.5248E-005
3.1857096E-008, 7.0759E-005
3.1858578E-008, 7.3302E-005
3.1860059E-008, 6.6223E-005
3.1861541E-008, 8.0254E-005
3.1863022E-008, 6.5884E-005
3.1864504E-008, 8.4578E-005
3.1865985E-008, 6.5969E-005
3.1867467E-008, 7.8135E-005
3.1868948E-008, 6.9275E-005
3.1870430E-008, 7.2200E-005
3.1871911E-008, 7.4235E-005
3.1873393E-008, 7.0420E-005
3.1874874E-008, 6.1136E-005
3.1876356E-008, 7.3429E-005
3.1877837E-008, 5.9907E-005
3.1879319E-008, 7.6439E-005
3.1880800E-008, 6.2238E-005
3.1882281E-008, 6.0585E-005
3.1883763E-008, 7.2285E-005
3.1885244E-008, 6.9741E-005
3.1886726E-008, 6.8470E-005
3.1888207E-008, 7.2709E-005
3.1889689E-008, 6.4570E-005
3.1891170E-008, 7.4023E-005
3.1892652E-008, 7.2878E-005
3.1894133E-008, 6.9869E-005
3.1895615E-008, 7.1098E-005
3.1897096E-008, 7.0504E-005
3.1898578E-008, 9.0598E-005
3.1900059E-008, 7.4447E-005
3.1901541E-008, 8.8945E-005
3.1903022E-008, 1.02891E-004
3.1904504E-008, 1.17474E-004
3.1905985E-008, 1.34303E-004
3.1907467E-008, 1.68937E-004
3.1908948E-008, 1.81061E-004
3.1910430E-008, 1.96915E-004
3.1911911E-008, 1.99501E-004
3.1913393E-008, 2.75763E-004
3.1914874E-008, 2.43545E-004
3.1916356E-008, 3.25996E-004
3.1917837E-008, 3.78434E-004
3.1919319E-008, 4.49397E-004
3.1920800E-008, 4.41216E-004
3.1922281E-008, 4.38587E-004
3.1923763E-008, 5.76952E-004
3.1925244E-008, 5.42064E-004
3.1926726E-008, 5.81954E-004
3.1928207E-008, 6.37190E-004
3.1929689E-008, 7.39353E-004
3.1931170E-008, 6.81489E-004
3.1932652E-008, 7.68984E-004
3.1934133E-008, 7.46051E-004
3.1935615E-008, 7.75682E-004
3.1937096E-008, 7.94589E-004
3.1938578E-008, 8.54445E-004
3.1940059E-008, 8.90647E-004
3.1941541E-008, 8.83313E-004
3.1943022E-008, 9.91962E-004
3.1944504E-008, 9.42661E-004
3.1945985E-008, 8.46094E-004
3.1947467E-008, 9.60084E-004
3.1948948E-008, 1.036176E-003
3.1950430E-008, 1.015404E-003
3.1951911E-008, 1.099848E-003
3.1953393E-008, 9.72462E-004
3.1954874E-008, 9.88105E-004
3.1956356E-008, 8.34733E-004
3.1957837E-008, 7.95394E-004
3.1959319E-008, 1.058728E-003
3.1960800E-008, 9.06162E-004
3.1962281E-008, 1.026172E-003
3.1963763E-008, 1.017143E-003
3.1965244E-008, 9.57329E-004
3.1966726E-008, 9.90902E-004
3.1968207E-008, 8.43381E-004
3.1969689E-008, 1.062925E-003
3.1971170E-008, 1.021890E-003
3.1972652E-008, 9.29350E-004
3.1974133E-008, 9.62288E-004
3.1975615E-008, 1.012522E-003
3.1977096E-008, 1.030453E-003
3.1978578E-008, 9.26425E-004
3.1980059E-008, 9.70597E-004
3.1981541E-008, 9.81703E-004
3.1983022E-008, 9.01287E-004
3.1984504E-008, 7.52197E-004
3.1985985E-008, 9.65298E-004
3.1987467E-008, 8.43508E-004
3.1988948E-008, 1.071954E-003
3.1990430E-008, 9.41347E-004
3.1991911E-008, 8.65806E-004
3.1993393E-008, 9.75472E-004
3.1994874E-008, 9.76786E-004
3.1996356E-008, 8.48680E-004
3.1997837E-008, 8.78311E-004
3.1999319E-008, 9.22525E-004
3.2000800E-008, 9.73437E-004
3.2002281E-008, 9.06713E-004
3.2003763E-008, 8.95268E-004
3.2005244E-008, 9.11376E-004
3.2006726E-008, 9.78567E-004
3.2008207E-008, 9.18837E-004
3.2009689E-008, 9.53895E-004
3.2011170E-008, 8.86281E-004
3.2012652E-008, 9.29223E-004
3.2014133E-008, 9.97643E-004
3.2015615E-008, 8.66399E-004
3.2017096E-008, 9.56565E-004
3.2018578E-008, 1.000907E-003
3.2020059E-008, 7.82507E-004
3.2021541E-008, 9.58727E-004
3.2023022E-008, 8.81406E-004
3.2024504E-008, 8.86832E-004
3.2025985E-008, 9.62458E-004
3.2027467E-008, 8.15276E-004
3.2028948E-008, 9.23416E-004
3.2030430E-008, 8.50884E-004
3.2031911E-008, 8.90096E-004
3.2033393E-008, 1.039652E-003
3.2034874E-008, 8.95480E-004
3.2036356E-008, 9.02729E-004
3.2037837E-008, 8.46136E-004
3.2039319E-008, 8.90393E-004
3.2040800E-008, 9.22229E-004
3.2042281E-008, 9.60126E-004
3.2043763E-008, 8.59320E-004
3.2045244E-008, 1.019474E-003
3.2046726E-008, 9.14471E-004
3.2048207E-008, 7.69875E-004
3.2049689E-008, 9.32360E-004
3.2051170E-008, 8.32953E-004
3.2052652E-008, 9.77634E-004
3.2054133E-008, 8.79202E-004
3.2055615E-008, 1.013921E-003
3.2057096E-008, 9.78651E-004
3.2058578E-008, 1.000949E-003
3.2060059E-008, 9.48511E-004
3.2061541E-008, 9.03704E-004
3.2063022E-008, 8.93657E-004
3.2064504E-008, 8.07264E-004
3.2065985E-008, 1.036007E-003
3.2067467E-008, 8.44229E-004
3.2068948E-008, 1.070810E-003
3.2070430E-008, 9.66146E-004
3.2071911E-008, 1.044994E-003
3.2073393E-008, 9.23585E-004
3.2074874E-008, 8.26213E-004
3.2076356E-008, 9.87002E-004
3.2077837E-008, 9.00185E-004
3.2079319E-008, 9.07561E-004
3.2080800E-008, 1.046647E-003
3.2082281E-008, 9.66782E-004
3.2083763E-008, 8.38760E-004
3.2085244E-008, 8.68010E-004
3.2086726E-008, 8.80007E-004
3.2088207E-008, 8.59447E-004
3.2089689E-008, 9.61568E-004
3.2091170E-008, 1.042535E-003
3.2092652E-008, 9.18583E-004
3.2094133E-008, 1.031895E-003
3.2095615E-008, 9.77083E-004
3.2097096E-008, 9.42788E-004
3.2098578E-008, 9.61525E-004
3.2100059E-008, 1.010402E-003
3.2101541E-008, 8.76488E-004
3.2103022E-008, 9.46349E-004
3.2104504E-008, 9.09893E-004
3.2105985E-008, 1.073777E-003
3.2107467E-008, 1.112947E-003
3.2108948E-008, 1.052539E-003
3.2110430E-008, 1.048851E-003
3.2111911E-008, 8.93487E-004
3.2113393E-008, 1.038592E-003
3.2114874E-008, 9.02050E-004
3.2116356E-008, 9.61864E-004
3.2117837E-008, 9.19176E-004
3.2119319E-008, 9.46858E-004
3.2120800E-008, 1.002857E-003
3.2122281E-008, 9.29096E-004
3.2123763E-008, 9.63687E-004
3.2125244E-008, 9.81534E-004
3.2126726E-008, 1.040797E-003
3.2128207E-008, 1.116550E-003
3.2129689E-008, 9.81619E-004
3.2131170E-008, 1.099085E-003
3.2132652E-008, 9.76023E-004
3.2134133E-008, 1.013073E-003
3.2135615E-008, 9.12182E-004
3.2137096E-008, 8.98532E-004
3.2138578E-008, 8.13453E-004
3.2140059E-008, 8.02050E-004
3.2141541E-008, 8.37489E-004
3.2143022E-008, 8.17353E-004
3.2144504E-008, 6.47237E-004
3.2145985E-008, 8.33080E-004
3.2147467E-008, 7.57115E-004
3.2148948E-008, 7.31595E-004
3.2150430E-008, 6.51052E-004
3.2151911E-008, 4.08744E-004
3.2153393E-008, 5.20148E-004
3.2154874E-008, 4.02979E-004
3.2156356E-008, 4.92636E-004
3.2157837E-008, 3.50117E-004
3.2159319E-008, 4.23496E-004
3.2160800E-008, 3.09676E-004
3.2162281E-008, 2.45962E-004
3.2163763E-008, 2.33287E-004
3.2165244E-008, 1.86996E-004
3.2166726E-008, 1.76610E-004
3.2168207E-008, 1.49946E-004
3.2169689E-008, 1.28623E-004
3.2171170E-008, 8.9962E-005
3.2172652E-008, 9.2633E-005
3.2174133E-008, 6.4527E-005
3.2175615E-008, 6.3044E-005
3.2177096E-008, 3.8838E-005
3.2178578E-008, 5.4777E-005
3.2180059E-008, 4.4900E-005
3.2181541E-008, 4.1933E-005
3.2183022E-008, 3.6803E-005
3.2184504E-008, 3.1165E-005
3.2185985E-008, 3.8414E-005
3.2187467E-008, 3.2268E-005
3.2188948E-008, 2.3281E-005
3.2190430E-008, 3.1462E-005
3.2191911E-008, 3.6676E-005
3.2193393E-008, 3.0021E-005
3.2194874E-008, 3.1081E-005
3.2196356E-008, 4.3628E-005
3.2197837E-008, 3.6676E-005
3.2199319E-008, 5.1980E-005
3.2200800E-008, 4.7910E-005
3.2202281E-008, 3.9389E-005
3.2203763E-008, 4.7147E-005
3.2205244E-008, 3.6973E-005
3.2206726E-008, 3.9601E-005
3.2208207E-008, 4.9690E-005
3.2209689E-008, 3.9135E-005
3.2211170E-008, 4.5197E-005
3.2212652E-008, 3.8541E-005
3.2214133E-008, 2.9003E-005
3.2215615E-008, 4.2823E-005
3.2217096E-008, 4.0322E-005
3.2218578E-008, 4.3289E-005
3.2220059E-008, 4.5621E-005
3.2221541E-008, 4.7952E-005
3.2223022E-008, 4.5875E-005
3.2224504E-008, 3.9050E-005
3.2225985E-008, 4.6765E-005
3.2227467E-008, 4.6723E-005
3.2228948E-008, 4.6681E-005
3.2230430E-008, 4.1085E-005
3.2231911E-008, 4.1509E-005
3.2233393E-008, 3.3921E-005
3.2234874E-008, 4.6511E-005
3.2236356E-008, 3.0572E-005
3.2237837E-008, 3.3836E-005
3.2239319E-008, 4.5918E-005
3.2240800E-008, 4.0831E-005
3.2242281E-008, 4.7995E-005
3.2243763E-008, 3.5277E-005
3.2245244E-008, 3.8075E-005
3.2246726E-008, 5.3718E-005
3.2248207E-008, 2.9724E-005
3.2249689E-008, 5.8296E-005
3.2251170E-008, 3.9686E-005
3.2252652E-008, 3.8881E-005
3.2254133E-008, 3.6210E-005
3.2255615E-008, 4.3628E-005
3.2257096E-008, 4.5494E-005
3.2258578E-008, 3.7100E-005
3.2260059E-008, 5.2488E-005
3.2261541E-008, 4.8970E-005
3.2263022E-008, 5.4777E-005
3.2264504E-008, 5.6558E-005
3.2265985E-008, 4.5027E-005
3.2267467E-008, 4.8291E-005
3.2268948E-008, 5.5922E-005
3.2270430E-008, 5.0114E-005
3.2271911E-008, 4.7147E-005
3.2273393E-008, 4.0195E-005
3.2274874E-008, 4.8631E-005
3.2276356E-008, 4.3798E-005
3.2277837E-008, 4.9055E-005
3.2279319E-008, 4.1763E-005
3.2280800E-008, 5.1895E-005
3.2282281E-008, 5.3039E-005
3.2283763E-008, 4.9775E-005
3.2285244E-008, 4.7995E-005
3.2286726E-008, 5.2785E-005
3.2288207E-008, 3.9135E-005
3.2289689E-008, 3.9008E-005
3.2291170E-008, 3.3794E-005
3.2292652E-008, 3.3243E-005
3.2294133E-008, 5.1174E-005
3.2295615E-008, 4.6130E-005
3.2297096E-008, 4.2357E-005
3.2298578E-008, 5.2403E-005
3.2300059E-008, 4.0110E-005
3.2301541E-008, 4.3416E-005
3.2303022E-008, 3.4599E-005
3.2304504E-008, 4.3968E-005
3.2305985E-008, 5.4057E-005
3.2307467E-008, 5.2743E-005
3.2308948E-008, 5.4735E-005
3.2310430E-008, 5.7448E-005
3.2311911E-008, 5.5286E-005
3.2313393E-008, 5.8423E-005
3.2314874E-008, 4.3798E-005
3.2316356E-008, 5.2531E-005
3.2317837E-008, 6.8554E-005
3.2319319E-008, 4.2357E-005
3.2320800E-008, 4.6426E-005
3.2322281E-008, 4.9606E-005
3.2323763E-008, 5.4269E-005
3.2325244E-008, 3.7694E-005
3.2326726E-008, 5.9949E-005
3.2328207E-008, 6.1433E-005
3.2329689E-008, 4.2399E-005
3.2331170E-008, 3.7185E-005
3.2332652E-008, 5.0030E-005
3.2334133E-008, 4.7316E-005
3.2335615E-008, 5.8465E-005
3.2337096E-008, 5.8932E-005
3.2338578E-008, 5.0072E-005
3.2340059E-008, 5.3760E-005
3.2341541E-008, 5.3124E-005
3.2343022E-008, 6.6944E-005
3.2344504E-008, 7.4828E-005
3.2345985E-008, 5.5583E-005
3.2347467E-008, 6.1518E-005
3.2348948E-008, 5.9059E-005
3.2350430E-008, 6.0161E-005
3.2351911E-008, 5.1725E-005
3.2353393E-008, 6.0585E-005
3.2354874E-008, 6.3679E-005
3.2356356E-008, 5.5795E-005
3.2357837E-008, 5.6812E-005
3.2359319E-008, 5.5413E-005
3.2360800E-008, 5.1980E-005
3.2362281E-008, 6.8724E-005
3.2363763E-008, 6.5121E-005
3.2365244E-008, 6.0754E-005
3.2366726E-008, 6.4909E-005
3.2368207E-008, 5.9737E-005
3.2369689E-008, 6.4188E-005
3.2371170E-008, 5.1259E-005
3.2372652E-008, 6.3383E-005
3.2374133E-008, 4.4731E-005
3.2375615E-008, 6.1941E-005
3.2377096E-008, 6.0966E-005
3.2378578E-008, 5.7575E-005
3.2380059E-008, 6.0585E-005
3.2381541E-008, 5.6727E-005
3.2383022E-008, 7.1776E-005
3.2384504E-008, 6.0161E-005
3.2385985E-008, 6.5545E-005
3.2387467E-008, 5.1216E-005
3.2388948E-008, 5.2191E-005
3.2390430E-008, 6.0797E-005
3.2391911E-008, 4.8546E-005
3.2393393E-008, 5.4269E-005
3.2394874E-008, 7.5210E-005
3.2396356E-008, 4.3077E-005
3.2397837E-008, 7.2031E-005
3.2399319E-008, 5.9652E-005
3.2400800E-008, 5.9271E-005
3.2402281E-008, 6.0754E-005
3.2403763E-008, 4.9945E-005
3.2405244E-008, 6.9487E-005
3.2406726E-008, 6.1094E-005
3.2408207E-008, 6.4273E-005
3.2409689E-008, 5.5879E-005
3.2411170E-008, 5.7406E-005
3.2412652E-008, 6.5841E-005
3.2414133E-008, 6.9911E-005
3.2415615E-008, 6.8809E-005
3.2417096E-008, 7.3896E-005
3.2418578E-008, 7.0462E-005
3.2420059E-008, 6.5969E-005
3.2421541E-008, 8.0594E-005
3.2423022E-008, 5.4777E-005
3.2424504E-008, 6.3128E-005
3.2425985E-008, 7.1183E-005
3.2427467E-008, 5.7024E-005
3.2428948E-008, 6.7283E-005
3.2430430E-008, 4.6850E-005
3.2431911E-008, 6.5587E-005
3.2433393E-008, 6.1178E-005
3.2434874E-008, 6.9106E-005
3.2436356E-008, 6.0627E-005
3.2437837E-008, 8.0509E-005
3.2439319E-008, 5.6897E-005
3.2440800E-008, 5.7321E-005
3.2442281E-008, 5.2531E-005
3.2443763E-008, 6.1051E-005
3.2445244E-008, 7.6354E-005
3.2446726E-008, 6.8173E-005
3.2448207E-008, 6.3510E-005
3.2449689E-008, 8.9623E-005
3.2451170E-008, 5.5837E-005
3.2452652E-008, 6.5248E-005
3.2454133E-008, 5.8593E-005
3.2455615E-008, 6.8809E-005
3.2457096E-008, 7.8135E-005
3.2458578E-008, 6.7113E-005
3.2460059E-008, 6.3213E-005
3.2461541E-008, 5.4269E-005
3.2463022E-008, 6.6435E-005
3.2464504E-008, 6.0500E-005
3.2465985E-008, 6.9275E-005
3.2467467E-008, 7.7117E-005
3.2468948E-008, 6.3679E-005
3.2470430E-008, 7.1056E-005
3.2471911E-008, 6.8427E-005
3.2473393E-008, 8.3985E-005
3.2474874E-008, 7.5337E-005
3.2476356E-008, 6.1433E-005
3.2477837E-008, 8.1526E-005
3.2479319E-008, 7.0123E-005
3.2480800E-008, 8.1102E-005
3.2482281E-008, 7.4320E-005
3.2483763E-008, 6.8936E-005
3.2485244E-008, 7.1946E-005
3.2486726E-008, 6.4146E-005
3.2488207E-008, 7.1607E-005
3.2489689E-008, 7.3514E-005
3.2491170E-008, 7.2794E-005
3.2492652E-008, 6.4654E-005
3.2494133E-008, 8.1399E-005
3.2495615E-008, 6.4654E-005
3.2497096E-008, 7.6270E-005
3.2498578E-008, 6.5375E-005
3.2500059E-008, 7.8601E-005
3.2501541E-008, 7.5379E-005
3.2503022E-008, 7.9958E-005
3.2504504E-008, 6.9021E-005
3.2505985E-008, 5.8381E-005
3.2507467E-008, 7.0589E-005
3.2508948E-008, 7.7202E-005
3.2510430E-008, 6.9190E-005
3.2511911E-008, 7.4447E-005
3.2513393E-008, 7.7499E-005
3.2514874E-008, 7.5676E-005
3.2516356E-008, 7.2158E-005
3.2517837E-008, 8.3434E-005
3.2519319E-008, 7.2497E-005
3.2520800E-008, 6.8300E-005
3.2522281E-008, 7.9491E-005
3.2523763E-008, 7.0420E-005
3.2525244E-008, 7.1013E-005
3.2526726E-008, 7.9576E-005
3.2528207E-008, 7.5252E-005
3.2529689E-008, 6.0415E-005
3.2531170E-008, 7.0335E-005
3.2532652E-008, 6.1518E-005
3.2534133E-008, 7.8092E-005
3.2535615E-008, 6.4824E-005
3.2537096E-008, 6.7791E-005
3.2538578E-008, 6.6477E-005
3.2540059E-008, 7.7287E-005
3.2541541E-008, 7.4192E-005
3.2543022E-008, 6.4485E-005
3.2544504E-008, 6.2153E-005
3.2545985E-008, 7.7117E-005
3.2547467E-008, 5.8381E-005
3.2548948E-008, 6.8639E-005
3.2550430E-008, 7.9746E-005
3.2551911E-008, 6.6774E-005
3.2553393E-008, 7.5252E-005
3.2554874E-008, 7.3133E-005
3.2556356E-008, 6.0966E-005
3.2557837E-008, 7.5846E-005
3.2559319E-008, 7.2031E-005
3.2560800E-008, 6.3891E-005
3.2562281E-008, 8.1611E-005
3.2563763E-008, 6.1645E-005
3.2565244E-008, 7.2794E-005
3.2566726E-008, 7.7584E-005
3.2568207E-008, 6.5502E-005
3.2569689E-008, 5.5837E-005
3.2571170E-008, 6.5884E-005
3.2572652E-008, 7.3769E-005
3.2574133E-008, 6.4188E-005
3.2575615E-008, 6.5926E-005
3.2577096E-008, 6.6223E-005
3.2578578E-008, 5.4523E-005
3.2580059E-008, 6.2704E-005
3.2581541E-008, 5.8974E-005
3.2583022E-008, 6.2365E-005
3.2584504E-008, 5.7278E-005
3.2585985E-008, 7.7838E-005
3.2587467E-008, 6.1687E-005
3.2588948E-008, 6.5502E-005
3.2590430E-008, 6.3128E-005
3.2591911E-008, 6.6265E-005
3.2593393E-008, 7.4532E-005
3.2594874E-008, 7.2878E-005
3.2596356E-008, 8.0721E-005
3.2597837E-008, 6.8343E-005
3.2599319E-008, 5.4650E-005
3.2600800E-008, 7.3006E-005
3.2602281E-008, 5.9525E-005
3.2603763E-008, 4.7910E-005
3.2605244E-008, 6.1560E-005
3.2606726E-008, 6.4146E-005
3.2608207E-008, 6.5121E-005
3.2609689E-008, 5.4141E-005
3.2611170E-008, 7.6270E-005
3.2612652E-008, 7.4956E-005
3.2614133E-008, 7.6609E-005
3.2615615E-008, 6.7325E-005
3.2617096E-008, 5.3930E-005
3.2618578E-008, 7.3684E-005
3.2620059E-008, 6.4866E-005
3.2621541E-008, 6.1814E-005
3.2623022E-008, 5.9695E-005
3.2624504E-008, 6.2577E-005
3.2625985E-008, 6.5036E-005
3.2627467E-008, 6.0076E-005
3.2628948E-008, 6.9360E-005
3.2630430E-008, 6.5121E-005
3.2631911E-008, 5.8762E-005
3.2633393E-008, 6.6350E-005
3.2634874E-008, 6.0754E-005
3.2636356E-008, 5.7872E-005
3.2637837E-008, 7.1607E-005
3.2639319E-008, 6.4019E-005
3.2640800E-008, 6.8470E-005
3.2642281E-008, 4.7825E-005
3.2643763E-008, 5.5498E-005
3.2645244E-008, 5.8381E-005
3.2646726E-008, 7.0038E-005
3.2648207E-008, 6.9063E-005
3.2649689E-008, 6.3044E-005
3.2651170E-008, 6.3510E-005
3.2652652E-008, 7.2709E-005
3.2654133E-008, 6.5926E-005
3.2655615E-008, 6.9784E-005
3.2657096E-008, 6.2535E-005
3.2658578E-008, 5.7490E-005
3.2660059E-008, 6.4654E-005
3.2661541E-008, 6.4782E-005
3.2663022E-008, 7.3302E-005
3.2664504E-008, 5.9101E-005
3.2665985E-008, 7.6312E-005
3.2667467E-008, 5.9101E-005
3.2668948E-008, 6.2323E-005
3.2670430E-008, 5.6431E-005
3.2671911E-008, 6.0246E-005
3.2673393E-008, 6.0161E-005
3.2674874E-008, 6.2069E-005
3.2676356E-008, 6.4273E-005
3.2677837E-008, 6.7028E-005
3.2679319E-008, 6.8131E-005
3.2680800E-008, 7.4489E-005
3.2682281E-008, 6.9784E-005
3.2683763E-008, 7.0844E-005
3.2685244E-008, 7.3641E-005
3.2686726E-008, 7.3090E-005
3.2688207E-008, 6.0415E-005
3.2689689E-008, 8.0042E-005
3.2691170E-008, 5.4099E-005
3.2692652E-008, 7.9831E-005
3.2694133E-008, 8.3095E-005
3.2695615E-008, 6.9445E-005
3.2697096E-008, 7.3345E-005
3.2698578E-008, 7.7202E-005
3.2700059E-008, 6.6223E-005
3.2701541E-008, 7.4659E-005
3.2703022E-008, 6.8597E-005
3.2704504E-008, 6.8766E-005
3.2705985E-008, 8.3010E-005
3.2707467E-008, 7.7329E-005
3.2708948E-008, 9.1658E-005
3.2710430E-008, 1.02807E-004
3.2711911E-008, 1.12133E-004
3.2713393E-008, 1.18237E-004
3.2714874E-008, 1.48292E-004
3.2716356E-008, 1.54227E-004
3.2717837E-008, 1.82587E-004
3.2719319E-008, 2.11582E-004
3.2720800E-008, 2.26462E-004
3.2722281E-008, 2.64699E-004
3.2723763E-008, 2.90896E-004
3.2725244E-008, 3.11075E-004
3.2726726E-008, 4.02767E-004
3.2728207E-008, 4.38503E-004
3.2729689E-008, 3.95391E-004
3.2731170E-008, 4.40834E-004
3.2732652E-008, 4.79029E-004
3.2734133E-008, 5.44184E-004
3.2735615E-008, 5.97427E-004
3.2737096E-008, 6.76444E-004
3.2738578E-008, 6.31594E-004
3.2740059E-008, 6.87127E-004
3.2741541E-008, 6.60336E-004
3.2743022E-008, 7.63601E-004
3.2744504E-008, 9.87384E-004
3.2745985E-008, 7.61608E-004
3.2747467E-008, 9.60508E-004
3.2748948E-008, 9.13114E-004
3.2750430E-008, 9.15022E-004
3.2751911E-008, 9.31767E-004
3.2753393E-008, 8.33207E-004
3.2754874E-008, 1.053769E-003
3.2756356E-008, 9.76998E-004
3.2757837E-008, 8.96921E-004
3.2759319E-008, 1.002899E-003
3.2760800E-008, 1.027444E-003
3.2762281E-008, 8.97345E-004
3.2763763E-008, 9.75218E-004
3.2765244E-008, 9.40754E-004
3.2766726E-008, 1.083061E-003
3.2768207E-008, 9.81110E-004
3.2769689E-008, 1.010869E-003
3.2771170E-008, 9.75726E-004
3.2772652E-008, 9.54276E-004
3.2774133E-008, 9.99550E-004
3.2775615E-008, 9.11885E-004
3.2777096E-008, 1.037787E-003
3.2778578E-008, 8.62372E-004
3.2780059E-008, 9.34564E-004
3.2781541E-008, 9.15912E-004
3.2783022E-008, 9.88571E-004
3.2784504E-008, 9.95099E-004
3.2785985E-008, 9.40584E-004
3.2787467E-008, 9.38761E-004
3.2788948E-008, 1.012691E-003
3.2790430E-008, 1.032234E-003
3.2791911E-008, 9.71742E-004
3.2793393E-008, 9.87511E-004
3.2794874E-008, 9.95014E-004
3.2796356E-008, 9.62839E-004
3.2797837E-008, 9.87257E-004
3.2799319E-008, 9.23543E-004
3.2800800E-008, 9.40457E-004
3.2802281E-008, 8.80134E-004
3.2803763E-008, 8.47451E-004
3.2805244E-008, 9.57922E-004
3.2806726E-008, 9.37447E-004
3.2808207E-008, 9.09978E-004
3.2809689E-008, 9.30537E-004
3.2811170E-008, 9.65807E-004
3.2812652E-008, 9.42152E-004
3.2814133E-008, 8.14513E-004
3.2815615E-008, 9.50122E-004
3.2817096E-008, 8.43211E-004
3.2818578E-008, 9.31682E-004
3.2820059E-008, 9.12521E-004
3.2821541E-008, 7.76064E-004
3.2823022E-008, 9.83823E-004
3.2824504E-008, 8.94123E-004
3.2825985E-008, 9.74370E-004
3.2827467E-008, 8.71825E-004
3.2828948E-008, 9.42788E-004
3.2830430E-008, 9.76405E-004
3.2831911E-008, 1.002941E-003
3.2833393E-008, 1.012098E-003
3.2834874E-008, 7.71358E-004
3.2836356E-008, 9.18795E-004
3.2837837E-008, 7.42320E-004
3.2839319E-008, 9.22186E-004
3.2840800E-008, 9.10274E-004
3.2842281E-008, 9.04763E-004
3.2843763E-008, 9.60635E-004
3.2845244E-008, 1.001924E-003
3.2846726E-008, 7.94843E-004
3.2848207E-008, 8.51690E-004
3.2849689E-008, 9.56354E-004
3.2851170E-008, 9.83272E-004
3.2852652E-008, 8.73479E-004
3.2854133E-008, 8.68137E-004
3.2855615E-008, 8.45331E-004
3.2857096E-008, 1.054998E-003
3.2858578E-008, 1.064027E-003
3.2860059E-008, 9.94166E-004
3.2861541E-008, 9.94463E-004
3.2863022E-008, 8.99168E-004
3.2864504E-008, 1.000059E-003
3.2865985E-008, 1.063518E-003
3.2867467E-008, 9.06883E-004
3.2868948E-008, 9.58600E-004
3.2870430E-008, 9.43848E-004
3.2871911E-008, 9.68053E-004
3.2873393E-008, 9.12012E-004
3.2874874E-008, 8.94929E-004
3.2876356E-008, 9.32911E-004
3.2877837E-008, 9.31173E-004
3.2879319E-008, 8.89503E-004
3.2880800E-008, 8.47323E-004
3.2882281E-008, 8.95946E-004
3.2883763E-008, 9.80940E-004
3.2885244E-008, 9.19982E-004
3.2886726E-008, 9.17354E-004
3.2888207E-008, 9.68435E-004
3.2889689E-008, 1.067758E-003
3.2891170E-008, 9.05611E-004
3.2892652E-008, 8.43508E-004
3.2894133E-008, 1.003704E-003
3.2895615E-008, 1.067164E-003
3.2897096E-008, 1.019177E-003
3.2898578E-008, 9.36006E-004
3.2900059E-008, 9.30749E-004
3.2901541E-008, 9.97007E-004
3.2903022E-008, 9.51055E-004
3.2904504E-008, 9.76786E-004
3.2905985E-008, 8.22270E-004
3.2907467E-008, 9.77592E-004
3.2908948E-008, 1.113837E-003
3.2910430E-008, 9.88952E-004
3.2911911E-008, 1.010657E-003
3.2913393E-008, 9.12606E-004
3.2914874E-008, 8.58557E-004
3.2916356E-008, 1.016634E-003
3.2917837E-008, 1.034650E-003
3.2919319E-008, 9.43467E-004
3.2920800E-008, 9.58685E-004
3.2922281E-008, 9.54912E-004
3.2923763E-008, 9.63221E-004
3.2925244E-008, 8.16674E-004
3.2926726E-008, 1.120535E-003
3.2928207E-008, 1.084205E-003
3.2929689E-008, 9.72759E-004
3.2931170E-008, 9.12521E-004
3.2932652E-008, 9.61229E-004
3.2934133E-008, 1.013031E-003
3.2935615E-008, 9.21254E-004
3.2937096E-008, 9.20872E-004
3.2938578E-008, 9.18964E-004
3.2940059E-008, 8.25492E-004
3.2941541E-008, 8.03533E-004
3.2943022E-008, 7.27738E-004
3.2944504E-008, 7.04931E-004
3.2945985E-008, 8.94717E-004
3.2947467E-008, 8.35115E-004
3.2948948E-008, 7.84203E-004
3.2950430E-008, 7.55716E-004
3.2951911E-008, 5.82845E-004
3.2953393E-008, 6.40327E-004
3.2954874E-008, 4.66650E-004
3.2956356E-008, 4.89118E-004
3.2957837E-008, 4.26336E-004
3.2959319E-008, 4.43293E-004
3.2960800E-008, 3.79409E-004
3.2962281E-008, 3.14127E-004
3.2963763E-008, 3.27819E-004
3.2965244E-008, 2.25105E-004
3.2966726E-008, 2.85682E-004
3.2968207E-008, 1.88861E-004
3.2969689E-008, 1.48843E-004
3.2971170E-008, 1.83901E-004
3.2972652E-008, 1.67368E-004
3.2974133E-008, 1.19763E-004
3.2975615E-008, 8.4154E-005
3.2977096E-008, 7.7711E-005
3.2978578E-008, 6.9021E-005
3.2980059E-008, 3.8541E-005
3.2981541E-008, 6.3340E-005
3.2983022E-008, 3.3539E-005
3.2984504E-008, 4.1551E-005
3.2985985E-008, 3.9050E-005
3.2987467E-008, 3.3921E-005
3.2988948E-008, 4.0703E-005
3.2990430E-008, 3.3539E-005
3.2991911E-008, 4.4222E-005
3.2993393E-008, 4.3628E-005
3.2994874E-008, 3.1420E-005
3.2996356E-008, 3.0063E-005
3.2997837E-008, 4.0237E-005
3.2999319E-008, 3.3497E-005
