Type:          average
Points:        1350
Count:         16
XInc:          1.481481E-012
XOrg:          3.0940800000E-008
YData range:   2.68998E-003
YData center:  5.70000E-004
Coupling:      50 Ohms
XRange:        2.00000E-009
XOffset:       3.0940800000E-008
YRange:        2.32800E-003
YOffset:       5.70000E-004
Date:          03 APR 2011
Time:          16:22:15:12
Frame:         86100C:MY47440989
X Units:       second
Y Units:       Watt
XY Data:
3.0940800E-008, -4.4588E-005
3.0942281E-008, -4.3104E-005
3.0943763E-008, -5.7856E-005
3.0945244E-008, -4.9759E-005
3.0946726E-008, -4.6750E-005
3.0948207E-008, -4.2256E-005
3.0949689E-008, -4.1578E-005
3.0951170E-008, -4.4800E-005
3.0952652E-008, -3.3439E-005
3.0954133E-008, -4.3825E-005
3.0955615E-008, -4.3825E-005
3.0957096E-008, -3.9458E-005
3.0958578E-008, -3.8568E-005
3.0960059E-008, -4.1493E-005
3.0961541E-008, -4.5478E-005
3.0963022E-008, -4.9420E-005
3.0964504E-008, -3.0853E-005
3.0965985E-008, -3.8059E-005
3.0967467E-008, -3.0726E-005
3.0968948E-008, -4.6453E-005
3.0970430E-008, -4.7513E-005
3.0971911E-008, -4.5817E-005
3.0973393E-008, -4.3697E-005
3.0974874E-008, -4.5563E-005
3.0976356E-008, -5.7729E-005
3.0977837E-008, -3.5770E-005
3.0979319E-008, -2.6487E-005
3.0980800E-008, -3.5728E-005
3.0982281E-008, -4.3740E-005
3.0983763E-008, -5.3956E-005
3.0985244E-008, -3.5643E-005
3.0986726E-008, -4.2510E-005
3.0988207E-008, -3.8780E-005
3.0989689E-008, -4.2722E-005
3.0991170E-008, -4.1959E-005
3.0992652E-008, -4.8488E-005
3.0994133E-008, -2.9836E-005
3.0995615E-008, -4.1408E-005
3.0997096E-008, -4.7725E-005
3.0998578E-008, -4.8106E-005
3.1000059E-008, -3.5050E-005
3.1001541E-008, -4.1027E-005
3.1003022E-008, -3.9204E-005
3.1004504E-008, -3.0259E-005
3.1005985E-008, -4.1620E-005
3.1007467E-008, -3.7805E-005
3.1008948E-008, -3.5092E-005
3.1010430E-008, -2.9072E-005
3.1011911E-008, -4.2214E-005
3.1013393E-008, -4.2002E-005
3.1014874E-008, -4.9675E-005
3.1016356E-008, -3.6830E-005
3.1017837E-008, -3.9925E-005
3.1019319E-008, -3.8822E-005
3.1020800E-008, -4.4757E-005
3.1022281E-008, -3.8483E-005
3.1023763E-008, -3.8611E-005
3.1025244E-008, -4.2595E-005
3.1026726E-008, -4.1663E-005
3.1028207E-008, -3.3354E-005
3.1029689E-008, -4.5520E-005
3.1031170E-008, -4.0815E-005
3.1032652E-008, -4.3104E-005
3.1034133E-008, -4.4588E-005
3.1035615E-008, -2.6826E-005
3.1037096E-008, -3.1955E-005
3.1038578E-008, -3.2972E-005
3.1040059E-008, -3.7381E-005
3.1041541E-008, -4.2171E-005
3.1043022E-008, -4.0052E-005
3.1044504E-008, -3.7127E-005
3.1045985E-008, -3.9840E-005
3.1047467E-008, -3.2421E-005
3.1048948E-008, -3.4414E-005
3.1050430E-008, -3.1022E-005
3.1051911E-008, -4.2680E-005
3.1053393E-008, -3.1277E-005
3.1054874E-008, -2.9836E-005
3.1056356E-008, -3.2125E-005
3.1057837E-008, -3.6618E-005
3.1059319E-008, -2.5257E-005
3.1060800E-008, -3.7000E-005
3.1062281E-008, -3.5262E-005
3.1063763E-008, -2.7758E-005
3.1065244E-008, -4.1027E-005
3.1066726E-008, -3.0514E-005
3.1068207E-008, -3.4965E-005
3.1069689E-008, -4.2765E-005
3.1071170E-008, -3.8907E-005
3.1072652E-008, -3.5940E-005
3.1074133E-008, -2.8521E-005
3.1075615E-008, -2.1145E-005
3.1077096E-008, -2.7589E-005
3.1078578E-008, -3.5092E-005
3.1080059E-008, -2.3095E-005
3.1081541E-008, -2.8352E-005
3.1083022E-008, -3.3778E-005
3.1084504E-008, -2.3774E-005
3.1085985E-008, -1.4871E-005
3.1087467E-008, -2.5724E-005
3.1088948E-008, -1.3133E-005
3.1090430E-008, -6.648E-006
3.1091911E-008, -1.3854E-005
3.1093393E-008, -1.6270E-005
3.1094874E-008, -3.0259E-005
3.1096356E-008, -1.3981E-005
3.1097837E-008, -2.4664E-005
3.1099319E-008, -2.9581E-005
3.1100800E-008, -2.2714E-005
3.1102281E-008, -2.2417E-005
3.1103763E-008, -3.0768E-005
3.1105244E-008, -2.8225E-005
3.1106726E-008, -2.5596E-005
3.1108207E-008, -1.2158E-005
3.1109689E-008, -2.2841E-005
3.1111170E-008, 1.35E-007
3.1112652E-008, -3.807E-006
3.1114133E-008, 7.71E-007
3.1115615E-008, -8.513E-006
3.1117096E-008, 1.7770E-005
3.1118578E-008, 1.958E-006
3.1120059E-008, 5.815E-006
3.1121541E-008, 3.2861E-005
3.1123022E-008, 5.5328E-005
3.1124504E-008, 5.5244E-005
3.1125985E-008, 7.4956E-005
3.1127467E-008, 6.3552E-005
3.1128948E-008, 1.09504E-004
3.1130430E-008, 1.24426E-004
3.1131911E-008, 1.21035E-004
3.1133393E-008, 1.16414E-004
3.1134874E-008, 9.8398E-005
3.1136356E-008, 1.69827E-004
3.1137837E-008, 3.36721E-004
3.1139319E-008, 2.87378E-004
3.1140800E-008, 1.87250E-004
3.1142281E-008, 2.29514E-004
3.1143763E-008, 2.45623E-004
3.1145244E-008, 3.49184E-004
3.1146726E-008, 3.23326E-004
3.1148207E-008, 2.78857E-004
3.1149689E-008, 2.69955E-004
3.1151170E-008, 3.97213E-004
3.1152652E-008, 3.52703E-004
3.1154133E-008, 4.07811E-004
3.1155615E-008, 4.32483E-004
3.1157096E-008, 3.83097E-004
3.1158578E-008, 3.11456E-004
3.1160059E-008, 3.63385E-004
3.1161541E-008, 4.09295E-004
3.1163022E-008, 4.59995E-004
3.1164504E-008, 3.41342E-004
3.1165985E-008, 3.28328E-004
3.1167467E-008, 3.14466E-004
3.1168948E-008, 4.24513E-004
3.1170430E-008, 4.35578E-004
3.1171911E-008, 4.28201E-004
3.1173393E-008, 4.25234E-004
3.1174874E-008, 3.46047E-004
3.1176356E-008, 3.81825E-004
3.1177837E-008, 3.70889E-004
3.1179319E-008, 3.87336E-004
3.1180800E-008, 3.37442E-004
3.1182281E-008, 3.14890E-004
3.1183763E-008, 2.77797E-004
3.1185244E-008, 3.30998E-004
3.1186726E-008, 3.64954E-004
3.1188207E-008, 3.16119E-004
3.1189689E-008, 3.18493E-004
3.1191170E-008, 4.83140E-004
3.1192652E-008, 2.85089E-004
3.1194133E-008, 3.37739E-004
3.1195615E-008, 2.83308E-004
3.1197096E-008, 2.88946E-004
3.1198578E-008, 3.44945E-004
3.1200059E-008, 3.25488E-004
3.1201541E-008, 2.45962E-004
3.1203022E-008, 2.86403E-004
3.1204504E-008, 2.99629E-004
3.1205985E-008, 2.18535E-004
3.1207467E-008, 2.82206E-004
3.1208948E-008, 2.63427E-004
3.1210430E-008, 2.90769E-004
3.1211911E-008, 2.35661E-004
3.1213393E-008, 2.98018E-004
3.1214874E-008, 2.80341E-004
3.1216356E-008, 2.76017E-004
3.1217837E-008, 2.04291E-004
3.1219319E-008, 2.32057E-004
3.1220800E-008, 2.87378E-004
3.1222281E-008, 2.96662E-004
3.1223763E-008, 2.67624E-004
3.1225244E-008, 2.38628E-004
3.1226726E-008, 2.30574E-004
3.1228207E-008, 1.53676E-004
3.1229689E-008, 2.43291E-004
3.1231170E-008, 2.81146E-004
3.1232652E-008, 2.27267E-004
3.1234133E-008, 1.63002E-004
3.1235615E-008, 2.27818E-004
3.1237096E-008, 2.40875E-004
3.1238578E-008, 1.52447E-004
3.1240059E-008, 1.47868E-004
3.1241541E-008, 1.93948E-004
3.1243022E-008, 1.59272E-004
3.1244504E-008, 1.45452E-004
3.1245985E-008, 1.29004E-004
3.1247467E-008, 1.46681E-004
3.1248948E-008, 2.18831E-004
3.1250430E-008, 1.96194E-004
3.1251911E-008, 1.52319E-004
3.1253393E-008, 1.59950E-004
3.1254874E-008, 1.39475E-004
3.1256356E-008, 1.43545E-004
3.1257837E-008, 1.26334E-004
3.1259319E-008, 1.33583E-004
3.1260800E-008, 1.51684E-004
3.1262281E-008, 1.36550E-004
3.1263763E-008, 1.74787E-004
3.1265244E-008, 1.23239E-004
3.1266726E-008, 1.03697E-004
3.1268207E-008, 1.64231E-004
3.1269689E-008, 1.17898E-004
3.1271170E-008, 1.13574E-004
3.1272652E-008, 1.32947E-004
3.1274133E-008, 1.35024E-004
3.1275615E-008, 1.58593E-004
3.1277096E-008, 1.01747E-004
3.1278578E-008, 1.13108E-004
3.1280059E-008, 1.00094E-004
3.1281541E-008, 9.8398E-005
3.1283022E-008, 7.6566E-005
3.1284504E-008, 1.08148E-004
3.1285985E-008, 9.3989E-005
3.1287467E-008, 8.9665E-005
3.1288948E-008, 8.4494E-005
3.1290430E-008, 7.3133E-005
3.1291911E-008, 6.7961E-005
3.1293393E-008, 7.9279E-005
3.1294874E-008, 6.3510E-005
3.1296356E-008, 8.1781E-005
3.1297837E-008, 4.9224E-005
3.1299319E-008, 8.0424E-005
3.1300800E-008, 6.7961E-005
3.1302281E-008, 1.01026E-004
3.1303763E-008, 3.3836E-005
3.1305244E-008, 6.5375E-005
3.1306726E-008, 4.2060E-005
3.1308207E-008, 4.6808E-005
3.1309689E-008, 2.0992E-005
3.1311170E-008, 4.6596E-005
3.1312652E-008, 4.5451E-005
3.1314133E-008, 2.1034E-005
3.1315615E-008, 1.9169E-005
3.1317096E-008, 2.8452E-005
3.1318578E-008, 2.7520E-005
3.1320059E-008, 3.7821E-005
3.1321541E-008, 1.8151E-005
3.1323022E-008, -2.408E-006
3.1324504E-008, 2.0313E-005
3.1325985E-008, 1.1877E-005
3.1327467E-008, 3.781E-006
3.1328948E-008, -7.623E-006
3.1330430E-008, 3.05E-007
3.1331911E-008, 1.77E-007
3.1333393E-008, -1.5677E-005
3.1334874E-008, -1.6398E-005
3.1336356E-008, -8.258E-006
3.1337837E-008, -9.827E-006
3.1339319E-008, -1.6398E-005
3.1340800E-008, -1.2709E-005
3.1342281E-008, -2.6529E-005
3.1343763E-008, -8.894E-006
3.1345244E-008, -2.9157E-005
3.1346726E-008, -2.7419E-005
3.1348207E-008, -3.0514E-005
3.1349689E-008, -2.6402E-005
3.1351170E-008, -2.9200E-005
3.1352652E-008, -3.9119E-005
3.1354133E-008, -3.0683E-005
3.1355615E-008, -3.2464E-005
3.1357096E-008, -3.5940E-005
3.1358578E-008, -4.7216E-005
3.1360059E-008, -4.4503E-005
3.1361541E-008, -4.0518E-005
3.1363022E-008, -4.3697E-005
3.1364504E-008, -5.6076E-005
3.1365985E-008, -3.4329E-005
3.1367467E-008, -3.7805E-005
3.1368948E-008, -4.3401E-005
3.1370430E-008, -5.2260E-005
3.1371911E-008, -4.1832E-005
3.1373393E-008, -5.6712E-005
3.1374874E-008, -5.6330E-005
3.1376356E-008, -4.0306E-005
3.1377837E-008, -4.5902E-005
3.1379319E-008, -4.4715E-005
3.1380800E-008, -4.5393E-005
3.1382281E-008, -4.9420E-005
3.1383763E-008, -4.9463E-005
3.1385244E-008, -4.2892E-005
3.1386726E-008, -4.3104E-005
3.1388207E-008, -5.1201E-005
3.1389689E-008, -4.6156E-005
3.1391170E-008, -5.0777E-005
3.1392652E-008, -3.6406E-005
3.1394133E-008, -3.9119E-005
3.1395615E-008, -4.0518E-005
3.1397096E-008, -5.0099E-005
3.1398578E-008, -3.6618E-005
3.1400059E-008, -5.1158E-005
3.1401541E-008, -4.7004E-005
3.1403022E-008, -4.5605E-005
3.1404504E-008, -4.2892E-005
3.1405985E-008, -5.5949E-005
3.1407467E-008, -5.1031E-005
3.1408948E-008, -4.8149E-005
3.1410430E-008, -4.8106E-005
3.1411911E-008, -4.3485E-005
3.1413393E-008, -4.8276E-005
3.1414874E-008, -4.2002E-005
3.1416356E-008, -4.6453E-005
3.1417837E-008, -5.6245E-005
3.1419319E-008, -3.9458E-005
3.1420800E-008, -3.8102E-005
3.1422281E-008, -4.1663E-005
3.1423763E-008, -4.9166E-005
3.1425244E-008, -4.5647E-005
3.1426726E-008, -3.5389E-005
3.1428207E-008, -4.7131E-005
3.1429689E-008, -5.0565E-005
3.1431170E-008, -3.9967E-005
3.1432652E-008, -4.2214E-005
3.1434133E-008, -4.1705E-005
3.1435615E-008, -4.1747E-005
3.1437096E-008, -4.7470E-005
3.1438578E-008, -4.8233E-005
3.1440059E-008, -5.0099E-005
3.1441541E-008, -4.0730E-005
3.1443022E-008, -4.8233E-005
3.1444504E-008, -3.8695E-005
3.1445985E-008, -4.1959E-005
3.1447467E-008, -4.9378E-005
3.1448948E-008, -4.0900E-005
3.1450430E-008, -5.3363E-005
3.1451911E-008, -4.2299E-005
3.1453393E-008, -4.1620E-005
3.1454874E-008, -4.1281E-005
3.1456356E-008, -4.0942E-005
3.1457837E-008, -4.1535E-005
3.1459319E-008, -4.6580E-005
3.1460800E-008, -4.5224E-005
3.1462281E-008, -5.3956E-005
3.1463763E-008, -3.5262E-005
3.1465244E-008, -4.8191E-005
3.1466726E-008, -3.8822E-005
3.1468207E-008, -4.3613E-005
3.1469689E-008, -4.5308E-005
3.1471170E-008, -4.9166E-005
3.1472652E-008, -4.2765E-005
3.1474133E-008, -4.5605E-005
3.1475615E-008, -3.7975E-005
3.1477096E-008, -3.8314E-005
3.1478578E-008, -5.9764E-005
3.1480059E-008, -5.1158E-005
3.1481541E-008, -4.7555E-005
3.1483022E-008, -4.7513E-005
3.1484504E-008, -4.9759E-005
3.1485985E-008, -3.8822E-005
3.1487467E-008, -3.9755E-005
3.1488948E-008, -4.4079E-005
3.1490430E-008, -4.6283E-005
3.1491911E-008, -4.6283E-005
3.1493393E-008, -5.1370E-005
3.1494874E-008, -4.7725E-005
3.1496356E-008, -5.2939E-005
3.1497837E-008, -4.4079E-005
3.1499319E-008, -4.8912E-005
3.1500800E-008, -5.7051E-005
3.1502281E-008, -3.9797E-005
3.1503763E-008, -4.7767E-005
3.1505244E-008, -5.0946E-005
3.1506726E-008, -3.6830E-005
3.1508207E-008, -5.4210E-005
3.1509689E-008, -4.5647E-005
3.1511170E-008, -4.4969E-005
3.1512652E-008, -5.1370E-005
3.1514133E-008, -4.4460E-005
3.1515615E-008, -3.8356E-005
3.1517096E-008, -4.1069E-005
3.1518578E-008, -4.3909E-005
3.1520059E-008, -4.5435E-005
3.1521541E-008, -4.3274E-005
3.1523022E-008, -4.2299E-005
3.1524504E-008, -4.2087E-005
3.1525985E-008, -4.2341E-005
3.1527467E-008, -4.4121E-005
3.1528948E-008, -5.1709E-005
3.1530430E-008, -3.8950E-005
3.1531911E-008, -3.6025E-005
3.1533393E-008, -4.6368E-005
3.1534874E-008, -4.2087E-005
3.1536356E-008, -3.9670E-005
3.1537837E-008, -4.3867E-005
3.1539319E-008, -4.9081E-005
3.1540800E-008, -4.1747E-005
3.1542281E-008, -3.7127E-005
3.1543763E-008, -3.4838E-005
3.1545244E-008, -3.5050E-005
3.1546726E-008, -3.8695E-005
3.1548207E-008, -3.1446E-005
3.1549689E-008, -4.2638E-005
3.1551170E-008, -3.5601E-005
3.1552652E-008, -3.0090E-005
3.1554133E-008, -3.2464E-005
3.1555615E-008, -4.7428E-005
3.1557096E-008, -4.2722E-005
3.1558578E-008, -5.3829E-005
3.1560059E-008, -3.6533E-005
3.1561541E-008, -3.8865E-005
3.1563022E-008, -4.4503E-005
3.1564504E-008, -4.3782E-005
3.1565985E-008, -4.6156E-005
3.1567467E-008, -3.5516E-005
3.1568948E-008, -4.5181E-005
3.1570430E-008, -4.5859E-005
3.1571911E-008, -4.7216E-005
3.1573393E-008, -5.4634E-005
3.1574874E-008, -2.5300E-005
3.1576356E-008, -3.9374E-005
3.1577837E-008, -4.8233E-005
3.1579319E-008, -3.7720E-005
3.1580800E-008, -4.6029E-005
3.1582281E-008, -4.5859E-005
3.1583763E-008, -3.6533E-005
3.1585244E-008, -3.8992E-005
3.1586726E-008, -4.3146E-005
3.1588207E-008, -4.1451E-005
3.1589689E-008, -3.2209E-005
3.1591170E-008, -3.1997E-005
3.1592652E-008, -3.9840E-005
3.1594133E-008, -5.1709E-005
3.1595615E-008, -3.7127E-005
3.1597096E-008, -3.3057E-005
3.1598578E-008, -3.6406E-005
3.1600059E-008, -4.4842E-005
3.1601541E-008, -3.0514E-005
3.1603022E-008, -3.1616E-005
3.1604504E-008, -3.4583E-005
3.1605985E-008, -3.9416E-005
3.1607467E-008, -4.4969E-005
3.1608948E-008, -3.7254E-005
3.1610430E-008, -3.3057E-005
3.1611911E-008, -3.5219E-005
3.1613393E-008, -4.4164E-005
3.1614874E-008, -5.3235E-005
3.1616356E-008, -3.1277E-005
3.1617837E-008, -3.9585E-005
3.1619319E-008, -3.5897E-005
3.1620800E-008, -4.1663E-005
3.1622281E-008, -3.7339E-005
3.1623763E-008, -4.5605E-005
3.1625244E-008, -4.2256E-005
3.1626726E-008, -4.0730E-005
3.1628207E-008, -2.4155E-005
3.1629689E-008, -3.6237E-005
3.1631170E-008, -3.5728E-005
3.1632652E-008, -3.4795E-005
3.1634133E-008, -3.6321E-005
3.1635615E-008, -2.8055E-005
3.1637096E-008, -2.1824E-005
3.1638578E-008, -2.8267E-005
3.1640059E-008, -2.4070E-005
3.1641541E-008, -3.7466E-005
3.1643022E-008, -3.7254E-005
3.1644504E-008, -4.0137E-005
3.1645985E-008, -4.7131E-005
3.1647467E-008, -4.1578E-005
3.1648948E-008, -3.6025E-005
3.1650430E-008, -3.7042E-005
3.1651911E-008, -3.6109E-005
3.1653393E-008, -4.4037E-005
3.1654874E-008, -3.1701E-005
3.1656356E-008, -4.2595E-005
3.1657837E-008, -4.5393E-005
3.1659319E-008, -2.6529E-005
3.1660800E-008, -3.7551E-005
3.1662281E-008, -3.5940E-005
3.1663763E-008, -4.0984E-005
3.1665244E-008, -3.5092E-005
3.1666726E-008, -4.2468E-005
3.1668207E-008, -3.5346E-005
3.1669689E-008, -4.2383E-005
3.1671170E-008, -3.3566E-005
3.1672652E-008, -4.0137E-005
3.1674133E-008, -4.9971E-005
3.1675615E-008, -3.8441E-005
3.1677096E-008, -2.8309E-005
3.1678578E-008, -3.9289E-005
3.1680059E-008, -4.9166E-005
3.1681541E-008, -4.0433E-005
3.1683022E-008, -3.2040E-005
3.1684504E-008, -3.8271E-005
3.1685985E-008, -3.7636E-005
3.1687467E-008, -4.2171E-005
3.1688948E-008, -3.6364E-005
3.1690430E-008, -3.8314E-005
3.1691911E-008, -4.2807E-005
3.1693393E-008, -2.6317E-005
3.1694874E-008, -4.3358E-005
3.1696356E-008, -3.9713E-005
3.1697837E-008, -3.6788E-005
3.1699319E-008, -4.6326E-005
3.1700800E-008, -4.0815E-005
3.1702281E-008, -4.5732E-005
3.1703763E-008, -3.4456E-005
3.1705244E-008, -2.9751E-005
3.1706726E-008, -4.7682E-005
3.1708207E-008, -4.3697E-005
3.1709689E-008, -5.4168E-005
3.1711170E-008, -4.3655E-005
3.1712652E-008, -4.3019E-005
3.1714133E-008, -4.7682E-005
3.1715615E-008, -4.0433E-005
3.1717096E-008, -4.8827E-005
3.1718578E-008, -3.5431E-005
3.1720059E-008, -3.6703E-005
3.1721541E-008, -3.5643E-005
3.1723022E-008, -4.9081E-005
3.1724504E-008, -3.7254E-005
3.1725985E-008, -3.5855E-005
3.1727467E-008, -3.9628E-005
3.1728948E-008, -4.1069E-005
3.1730430E-008, -5.3278E-005
3.1731911E-008, -4.7301E-005
3.1733393E-008, -5.0056E-005
3.1734874E-008, -4.1620E-005
3.1736356E-008, -3.5516E-005
3.1737837E-008, -4.8106E-005
3.1739319E-008, -3.9458E-005
3.1740800E-008, -4.6283E-005
3.1742281E-008, -5.3108E-005
3.1743763E-008, -3.8399E-005
3.1745244E-008, -5.4592E-005
3.1746726E-008, -3.7847E-005
3.1748207E-008, -3.9331E-005
3.1749689E-008, -4.1408E-005
3.1751170E-008, -3.3736E-005
3.1752652E-008, -3.7381E-005
3.1754133E-008, -5.1116E-005
3.1755615E-008, -4.8445E-005
3.1757096E-008, -4.5012E-005
3.1758578E-008, -4.4842E-005
3.1760059E-008, -5.4507E-005
3.1761541E-008, -4.9717E-005
3.1763022E-008, -4.1875E-005
3.1764504E-008, -4.1747E-005
3.1765985E-008, -4.3867E-005
3.1767467E-008, -4.7174E-005
3.1768948E-008, -3.5686E-005
3.1770430E-008, -3.9882E-005
3.1771911E-008, -3.1828E-005
3.1773393E-008, -4.1281E-005
3.1774874E-008, -4.8064E-005
3.1776356E-008, -5.0692E-005
3.1777837E-008, -4.6241E-005
3.1779319E-008, -3.4075E-005
3.1780800E-008, -3.2464E-005
3.1782281E-008, -3.9882E-005
3.1783763E-008, -5.1837E-005
3.1785244E-008, -3.8399E-005
3.1786726E-008, -3.7890E-005
3.1788207E-008, -3.1404E-005
3.1789689E-008, -4.2171E-005
3.1791170E-008, -5.4719E-005
3.1792652E-008, -4.2638E-005
3.1794133E-008, -4.0560E-005
3.1795615E-008, -3.1107E-005
3.1797096E-008, -4.3401E-005
3.1798578E-008, -4.5012E-005
3.1800059E-008, -4.6495E-005
3.1801541E-008, -4.4333E-005
3.1803022E-008, -4.0730E-005
3.1804504E-008, -2.6741E-005
3.1805985E-008, -2.8861E-005
3.1807467E-008, -4.7343E-005
3.1808948E-008, -3.4838E-005
3.1810430E-008, -3.5177E-005
3.1811911E-008, -5.2557E-005
3.1813393E-008, -4.5393E-005
3.1814874E-008, -4.7640E-005
3.1816356E-008, -3.7975E-005
3.1817837E-008, -3.7000E-005
3.1819319E-008, -4.0264E-005
3.1820800E-008, -4.6877E-005
3.1822281E-008, -2.8013E-005
3.1823763E-008, -4.3401E-005
3.1825244E-008, -3.7296E-005
3.1826726E-008, -4.8912E-005
3.1828207E-008, -3.8780E-005
3.1829689E-008, -4.8615E-005
3.1831170E-008, -3.9501E-005
3.1832652E-008, -4.8360E-005
3.1834133E-008, -3.4456E-005
3.1835615E-008, -4.3867E-005
3.1837096E-008, -4.9675E-005
3.1838578E-008, -4.5478E-005
3.1840059E-008, -3.8568E-005
3.1841541E-008, -4.5393E-005
3.1843022E-008, -2.8013E-005
3.1844504E-008, -3.2633E-005
3.1845985E-008, -4.2426E-005
3.1847467E-008, -4.4672E-005
3.1848948E-008, -4.0772E-005
3.1850430E-008, -3.8017E-005
3.1851911E-008, -3.9204E-005
3.1853393E-008, -3.5304E-005
3.1854874E-008, -4.9081E-005
3.1856356E-008, -4.7809E-005
3.1857837E-008, -3.7593E-005
3.1859319E-008, -3.8102E-005
3.1860800E-008, -2.7504E-005
3.1862281E-008, -4.1663E-005
3.1863763E-008, -3.5601E-005
3.1865244E-008, -4.7979E-005
3.1866726E-008, -3.3990E-005
3.1868207E-008, -3.0811E-005
3.1869689E-008, -2.9920E-005
3.1871170E-008, -4.7089E-005
3.1872652E-008, -3.5940E-005
3.1874133E-008, -4.7089E-005
3.1875615E-008, -3.1065E-005
3.1877096E-008, -3.9034E-005
3.1878578E-008, -3.6661E-005
3.1880059E-008, -3.6957E-005
3.1881541E-008, -3.4329E-005
3.1883022E-008, -3.5982E-005
3.1884504E-008, -4.4630E-005
3.1885985E-008, -4.2214E-005
3.1887467E-008, -3.3990E-005
3.1888948E-008, -3.5389E-005
3.1890430E-008, -3.5346E-005
3.1891911E-008, -2.9242E-005
3.1893393E-008, -2.4155E-005
3.1894874E-008, -2.7419E-005
3.1896356E-008, -3.1955E-005
3.1897837E-008, -2.3943E-005
3.1899319E-008, -3.1446E-005
3.1900800E-008, -1.3345E-005
3.1902281E-008, -3.0429E-005
3.1903763E-008, -2.0255E-005
3.1905244E-008, -2.1230E-005
3.1906726E-008, -3.4287E-005
3.1908207E-008, -3.6957E-005
3.1909689E-008, -2.9666E-005
3.1911170E-008, -2.0298E-005
3.1912652E-008, -2.9200E-005
3.1914133E-008, -7.368E-006
3.1915615E-008, -1.2455E-005
3.1917096E-008, 9.3E-008
3.1918578E-008, -3.595E-006
3.1920059E-008, 3.950E-006
3.1921541E-008, -8.767E-006
3.1923022E-008, 8.274E-006
3.1924504E-008, -3.934E-006
3.1925985E-008, 5.8804E-005
3.1927467E-008, 3.9644E-005
3.1928948E-008, 7.8304E-005
3.1930430E-008, 8.3052E-005
3.1931911E-008, 5.8720E-005
3.1933393E-008, 1.01450E-004
3.1934874E-008, 1.75507E-004
3.1936356E-008, 1.25952E-004
3.1937837E-008, 1.35024E-004
3.1939319E-008, 1.80467E-004
3.1940800E-008, 1.33286E-004
3.1942281E-008, 2.34389E-004
3.1943763E-008, 1.94711E-004
3.1945244E-008, 2.75932E-004
3.1946726E-008, 2.81570E-004
3.1948207E-008, 2.94288E-004
3.1949689E-008, 2.90345E-004
3.1951170E-008, 3.04080E-004
3.1952652E-008, 3.59909E-004
3.1954133E-008, 3.42953E-004
3.1955615E-008, 4.66099E-004
3.1957096E-008, 3.99079E-004
3.1958578E-008, 4.00435E-004
3.1960059E-008, 5.06413E-004
3.1961541E-008, 4.32356E-004
3.1963022E-008, 3.59782E-004
3.1964504E-008, 4.11627E-004
3.1965985E-008, 4.37104E-004
3.1967467E-008, 3.86658E-004
3.1968948E-008, 4.71695E-004
3.1970430E-008, 4.04250E-004
3.1971911E-008, 3.31889E-004
3.1973393E-008, 4.21800E-004
3.1974874E-008, 2.88819E-004
3.1976356E-008, 3.14296E-004
3.1977837E-008, 3.51092E-004
3.1979319E-008, 4.25997E-004
3.1980800E-008, 3.15780E-004
3.1982281E-008, 3.50795E-004
3.1983763E-008, 3.08785E-004
3.1985244E-008, 3.52830E-004
3.1986726E-008, 2.67708E-004
3.1988207E-008, 2.78942E-004
3.1989689E-008, 3.02935E-004
3.1991170E-008, 3.41384E-004
3.1992652E-008, 3.38968E-004
3.1994133E-008, 3.14212E-004
3.1995615E-008, 3.83224E-004
3.1997096E-008, 2.62621E-004
3.1998578E-008, 3.52957E-004
3.2000059E-008, 3.35153E-004
3.2001541E-008, 3.14508E-004
3.2003022E-008, 3.18069E-004
3.2004504E-008, 2.86191E-004
3.2005985E-008, 3.00392E-004
3.2007467E-008, 3.15314E-004
3.2008948E-008, 3.26717E-004
3.2010430E-008, 2.79408E-004
3.2011911E-008, 2.46216E-004
3.2013393E-008, 3.12177E-004
3.2014874E-008, 2.67751E-004
3.2016356E-008, 3.09252E-004
3.2017837E-008, 2.23833E-004
3.2019319E-008, 2.48293E-004
3.2020800E-008, 1.93905E-004
3.2022281E-008, 2.39900E-004
3.2023763E-008, 2.39264E-004
3.2025244E-008, 3.42274E-004
3.2026726E-008, 2.04630E-004
3.2028207E-008, 2.17432E-004
3.2029689E-008, 1.92422E-004
3.2031170E-008, 1.76059E-004
3.2032652E-008, 2.63681E-004
3.2034133E-008, 2.23961E-004
3.2035615E-008, 2.42952E-004
3.2037096E-008, 2.36381E-004
3.2038578E-008, 1.63511E-004
3.2040059E-008, 2.41935E-004
3.2041541E-008, 1.97424E-004
3.2043022E-008, 1.99204E-004
3.2044504E-008, 2.30192E-004
3.2045985E-008, 1.64019E-004
3.2047467E-008, 1.80298E-004
3.2048948E-008, 1.80213E-004
3.2050430E-008, 1.53252E-004
3.2051911E-008, 1.73939E-004
3.2053393E-008, 1.55414E-004
3.2054874E-008, 1.79619E-004
3.2056356E-008, 1.79662E-004
3.2057837E-008, 1.51726E-004
3.2059319E-008, 2.17772E-004
3.2060800E-008, 1.70887E-004
3.2062281E-008, 1.27563E-004
3.2063763E-008, 1.53167E-004
3.2065244E-008, 1.47190E-004
3.2066726E-008, 1.84579E-004
3.2068207E-008, 1.30234E-004
3.2069689E-008, 1.70293E-004
3.2071170E-008, 1.36084E-004
3.2072652E-008, 1.40153E-004
3.2074133E-008, 1.28157E-004
3.2075615E-008, 1.34558E-004
3.2077096E-008, 1.61815E-004
3.2078578E-008, 1.22222E-004
3.2080059E-008, 1.35278E-004
3.2081541E-008, 8.1526E-005
3.2083022E-008, 1.02171E-004
3.2084504E-008, 1.44647E-004
3.2085985E-008, 8.8436E-005
3.2087467E-008, 9.9839E-005
3.2088948E-008, 1.16880E-004
3.2090430E-008, 1.11412E-004
3.2091911E-008, 7.8389E-005
3.2093393E-008, 1.06622E-004
3.2094874E-008, 7.0038E-005
3.2096356E-008, 8.1229E-005
3.2097837E-008, 5.7702E-005
3.2099319E-008, 6.4019E-005
3.2100800E-008, 1.00645E-004
3.2102281E-008, 8.8351E-005
3.2103763E-008, 8.8733E-005
3.2105244E-008, 5.8423E-005
3.2106726E-008, 6.8724E-005
3.2108207E-008, 6.7283E-005
3.2109689E-008, 3.8330E-005
3.2111170E-008, 7.6778E-005
3.2112652E-008, 6.1560E-005
3.2114133E-008, 5.3124E-005
3.2115615E-008, 4.1848E-005
3.2117096E-008, 2.9258E-005
3.2118578E-008, 4.7868E-005
3.2120059E-008, 2.5231E-005
3.2121541E-008, 3.2437E-005
3.2123022E-008, 3.5193E-005
3.2124504E-008, 8.486E-006
3.2125985E-008, 2.6036E-005
3.2127467E-008, 3.3327E-005
3.2128948E-008, 1.1538E-005
3.2130430E-008, 1.9635E-005
3.2131911E-008, 1.3192E-005
3.2133393E-008, 3.102E-006
3.2134874E-008, 7.29E-007
3.2136356E-008, 1.4633E-005
3.2137837E-008, 7.554E-006
3.2139319E-008, 2.467E-006
3.2140800E-008, -2.1272E-005
3.2142281E-008, -2.2587E-005
3.2143763E-008, -2.1315E-005
3.2145244E-008, -2.1230E-005
3.2146726E-008, -7.55E-007
3.2148207E-008, -2.5300E-005
3.2149689E-008, -2.5766E-005
3.2151170E-008, -3.1913E-005
3.2152652E-008, -8.725E-006
3.2154133E-008, -3.1955E-005
3.2155615E-008, -2.4961E-005
3.2157096E-008, -4.1620E-005
3.2158578E-008, -4.2087E-005
3.2160059E-008, -4.0603E-005
3.2161541E-008, -2.5639E-005
3.2163022E-008, -4.8869E-005
3.2164504E-008, -4.3867E-005
3.2165985E-008, -4.2214E-005
3.2167467E-008, -4.8869E-005
3.2168948E-008, -4.4418E-005
3.2170430E-008, -4.7428E-005
3.2171911E-008, -5.0480E-005
3.2173393E-008, -4.4927E-005
3.2174874E-008, -4.7809E-005
3.2176356E-008, -4.0306E-005
3.2177837E-008, -4.4376E-005
3.2179319E-008, -5.9001E-005
3.2180800E-008, -4.5775E-005
3.2182281E-008, -4.5732E-005
3.2183763E-008, -4.0391E-005
3.2185244E-008, -4.7852E-005
3.2186726E-008, -4.9675E-005
3.2188207E-008, -4.0900E-005
3.2189689E-008, -5.2515E-005
3.2191170E-008, -4.9929E-005
3.2192652E-008, -4.7894E-005
3.2194133E-008, -4.8784E-005
3.2195615E-008, -4.8615E-005
3.2197096E-008, -4.5520E-005
3.2198578E-008, -4.9971E-005
3.2200059E-008, -4.7258E-005
3.2201541E-008, -5.4889E-005
3.2203022E-008, -4.7428E-005
3.2204504E-008, -4.7385E-005
3.2205985E-008, -4.5351E-005
3.2207467E-008, -5.4295E-005
3.2208948E-008, -4.9844E-005
3.2210430E-008, -3.6661E-005
3.2211911E-008, -4.6368E-005
3.2213393E-008, -4.0560E-005
3.2214874E-008, -4.9971E-005
3.2216356E-008, -4.6665E-005
3.2217837E-008, -5.0904E-005
3.2219319E-008, -5.4422E-005
3.2220800E-008, -4.6199E-005
3.2222281E-008, -5.1031E-005
3.2223763E-008, -4.7597E-005
3.2225244E-008, -3.8780E-005
3.2226726E-008, -4.6071E-005
3.2228207E-008, -4.6877E-005
3.2229689E-008, -4.6919E-005
3.2231170E-008, -3.4922E-005
3.2232652E-008, -3.3184E-005
3.2234133E-008, -5.6033E-005
3.2235615E-008, -5.3363E-005
3.2237096E-008, -5.2684E-005
3.2238578E-008, -4.3316E-005
3.2240059E-008, -3.6237E-005
3.2241541E-008, -4.7174E-005
3.2243022E-008, -4.9420E-005
3.2244504E-008, -5.4762E-005
3.2245985E-008, -4.9971E-005
3.2247467E-008, -5.6627E-005
3.2248948E-008, -5.3914E-005
3.2250430E-008, -3.8653E-005
3.2251911E-008, -5.1201E-005
3.2253393E-008, -5.7051E-005
3.2254874E-008, -5.1497E-005
3.2256356E-008, -4.6071E-005
3.2257837E-008, -5.0014E-005
3.2259319E-008, -5.0056E-005
3.2260800E-008, -4.7343E-005
3.2262281E-008, -4.8191E-005
3.2263763E-008, -4.7809E-005
3.2265244E-008, -5.1837E-005
3.2266726E-008, -5.0226E-005
3.2268207E-008, -4.2383E-005
3.2269689E-008, -5.2684E-005
3.2271170E-008, -5.5185E-005
3.2272652E-008, -5.4889E-005
3.2274133E-008, -5.8619E-005
3.2275615E-008, -5.2133E-005
3.2277096E-008, -3.5897E-005
3.2278578E-008, -4.8827E-005
3.2280059E-008, -6.2138E-005
3.2281541E-008, -5.0014E-005
3.2283022E-008, -5.7305E-005
3.2284504E-008, -6.5656E-005
3.2285985E-008, -4.3231E-005
3.2287467E-008, -5.6203E-005
3.2288948E-008, -5.2388E-005
3.2290430E-008, -5.4507E-005
3.2291911E-008, -4.3062E-005
3.2293393E-008, -4.8827E-005
3.2294874E-008, -4.6156E-005
3.2296356E-008, -5.2133E-005
3.2297837E-008, -5.9467E-005
3.2299319E-008, -5.0099E-005
3.2300800E-008, -4.3062E-005
3.2302281E-008, -5.5185E-005
3.2303763E-008, -5.1031E-005
3.2305244E-008, -5.3702E-005
3.2306726E-008, -5.0226E-005
3.2308207E-008, -4.6750E-005
3.2309689E-008, -5.1837E-005
3.2311170E-008, -5.6881E-005
3.2312652E-008, -4.6199E-005
3.2314133E-008, -4.7979E-005
3.2315615E-008, -4.5435E-005
3.2317096E-008, -3.7127E-005
3.2318578E-008, -4.6622E-005
3.2320059E-008, -4.1324E-005
3.2321541E-008, -4.0179E-005
3.2323022E-008, -3.4541E-005
3.2324504E-008, -4.3189E-005
3.2325985E-008, -4.3697E-005
3.2327467E-008, -4.3189E-005
3.2328948E-008, -4.2680E-005
3.2330430E-008, -5.0480E-005
3.2331911E-008, -4.5181E-005
3.2333393E-008, -4.4588E-005
3.2334874E-008, -4.6877E-005
3.2336356E-008, -4.9124E-005
3.2337837E-008, -4.5096E-005
3.2339319E-008, -2.7546E-005
3.2340800E-008, -3.8865E-005
3.2342281E-008, -5.3490E-005
3.2343763E-008, -3.4456E-005
3.2345244E-008, -4.0645E-005
3.2346726E-008, -4.1196E-005
3.2348207E-008, -3.6067E-005
3.2349689E-008, -3.4795E-005
3.2351170E-008, -4.6792E-005
3.2352652E-008, -3.3481E-005
3.2354133E-008, -3.4075E-005
3.2355615E-008, -3.6279E-005
3.2357096E-008, -3.2591E-005
3.2358578E-008, -5.4253E-005
3.2360059E-008, -2.5003E-005
3.2361541E-008, -4.0730E-005
3.2363022E-008, -3.7254E-005
3.2364504E-008, -5.1837E-005
3.2365985E-008, -3.4753E-005
3.2367467E-008, -4.1790E-005
3.2368948E-008, -3.8950E-005
3.2370430E-008, -4.7937E-005
3.2371911E-008, -4.4842E-005
3.2373393E-008, -4.1578E-005
3.2374874E-008, -4.4079E-005
3.2376356E-008, -4.4545E-005
3.2377837E-008, -4.5944E-005
3.2379319E-008, -4.6580E-005
3.2380800E-008, -5.4168E-005
3.2382281E-008, -4.0306E-005
3.2383763E-008, -3.1404E-005
3.2385244E-008, -2.9454E-005
3.2386726E-008, -3.0302E-005
3.2388207E-008, -4.5690E-005
3.2389689E-008, -4.1663E-005
3.2391170E-008, -3.3312E-005
3.2392652E-008, -3.6872E-005
3.2394133E-008, -3.6872E-005
3.2395615E-008, -3.2421E-005
3.2397096E-008, -4.0688E-005
3.2398578E-008, -3.0895E-005
3.2400059E-008, -5.1582E-005
3.2401541E-008, -3.9501E-005
3.2403022E-008, -3.6067E-005
3.2404504E-008, -3.7551E-005
3.2405985E-008, -4.1705E-005
3.2407467E-008, -4.1366E-005
3.2408948E-008, -3.5897E-005
3.2410430E-008, -3.8102E-005
3.2411911E-008, -4.4715E-005
3.2413393E-008, -3.5516E-005
3.2414874E-008, -2.7504E-005
3.2416356E-008, -3.7000E-005
3.2417837E-008, -3.3608E-005
3.2419319E-008, -3.4159E-005
3.2420800E-008, -3.4202E-005
3.2422281E-008, -3.9925E-005
3.2423763E-008, -3.2337E-005
3.2425244E-008, -3.0768E-005
3.2426726E-008, -3.0938E-005
3.2428207E-008, -4.2934E-005
3.2429689E-008, -3.7551E-005
3.2431170E-008, -2.8521E-005
3.2432652E-008, -3.4287E-005
3.2434133E-008, -2.8776E-005
3.2435615E-008, -3.9458E-005
3.2437096E-008, -4.5859E-005
3.2438578E-008, -3.1828E-005
3.2440059E-008, -4.6750E-005
3.2441541E-008, -3.2676E-005
3.2443022E-008, -4.3613E-005
3.2444504E-008, -3.1150E-005
3.2445985E-008, -3.2252E-005
3.2447467E-008, -2.1696E-005
3.2448948E-008, -4.6919E-005
3.2450430E-008, -3.3566E-005
3.2451911E-008, -2.9666E-005
3.2453393E-008, -2.2502E-005
3.2454874E-008, -4.0603E-005
3.2456356E-008, -3.0853E-005
3.2457837E-008, -2.8521E-005
3.2459319E-008, -3.0726E-005
3.2460800E-008, -3.8992E-005
3.2462281E-008, -2.4961E-005
3.2463763E-008, -3.2040E-005
3.2465244E-008, -3.5686E-005
3.2466726E-008, -3.8441E-005
3.2468207E-008, -2.5045E-005
3.2469689E-008, -3.8356E-005
3.2471170E-008, -3.7508E-005
3.2472652E-008, -4.4503E-005
3.2474133E-008, -3.4117E-005
3.2475615E-008, -4.6834E-005
3.2477096E-008, -4.2680E-005
3.2478578E-008, -2.7250E-005
3.2480059E-008, -3.4075E-005
3.2481541E-008, -3.3354E-005
3.2483022E-008, -3.3863E-005
3.2484504E-008, -3.4202E-005
3.2485985E-008, -4.5859E-005
3.2487467E-008, -3.0726E-005
3.2488948E-008, -3.9840E-005
3.2490430E-008, -3.5813E-005
3.2491911E-008, -3.2549E-005
3.2493393E-008, -3.6745E-005
3.2494874E-008, -4.9081E-005
3.2496356E-008, -3.6788E-005
3.2497837E-008, -2.3689E-005
3.2499319E-008, -3.3184E-005
3.2500800E-008, -5.1201E-005
3.2502281E-008, -4.3316E-005
3.2503763E-008, -3.6279E-005
3.2505244E-008, -3.7636E-005
3.2506726E-008, -3.4965E-005
3.2508207E-008, -4.1069E-005
3.2509689E-008, -3.8653E-005
3.2511170E-008, -3.4117E-005
3.2512652E-008, -2.9072E-005
3.2514133E-008, -3.4456E-005
3.2515615E-008, -3.3905E-005
3.2517096E-008, -4.4121E-005
3.2518578E-008, -3.1234E-005
3.2520059E-008, -4.2256E-005
3.2521541E-008, -4.1747E-005
3.2523022E-008, -3.4329E-005
3.2524504E-008, -4.1790E-005
3.2525985E-008, -5.0183E-005
3.2527467E-008, -3.0344E-005
3.2528948E-008, -4.9759E-005
3.2530430E-008, -4.3909E-005
3.2531911E-008, -5.2939E-005
3.2533393E-008, -4.5817E-005
3.2534874E-008, -4.3570E-005
3.2536356E-008, -5.6881E-005
3.2537837E-008, -3.0895E-005
3.2539319E-008, -4.1281E-005
3.2540800E-008, -4.8318E-005
3.2542281E-008, -4.8318E-005
3.2543763E-008, -3.0980E-005
3.2545244E-008, -3.6576E-005
3.2546726E-008, -2.6232E-005
3.2548207E-008, -4.1875E-005
3.2549689E-008, -4.2934E-005
3.2551170E-008, -5.5991E-005
3.2552652E-008, -3.5728E-005
3.2554133E-008, -3.4075E-005
3.2555615E-008, -3.2209E-005
3.2557096E-008, -3.6576E-005
3.2558578E-008, -3.4287E-005
3.2560059E-008, -4.1196E-005
3.2561541E-008, -4.5563E-005
3.2563022E-008, -3.6830E-005
3.2564504E-008, -3.5558E-005
3.2565985E-008, -4.4333E-005
3.2567467E-008, -5.7517E-005
3.2568948E-008, -4.7979E-005
3.2570430E-008, -4.9039E-005
3.2571911E-008, -4.3528E-005
3.2573393E-008, -4.1196E-005
3.2574874E-008, -4.4757E-005
3.2576356E-008, -3.1574E-005
3.2577837E-008, -2.8861E-005
3.2579319E-008, -4.5139E-005
3.2580800E-008, -4.0306E-005
3.2582281E-008, -5.3956E-005
3.2583763E-008, -3.3524E-005
3.2585244E-008, -3.7805E-005
3.2586726E-008, -5.0607E-005
3.2588207E-008, -3.8568E-005
3.2589689E-008, -3.6152E-005
3.2591170E-008, -5.1201E-005
3.2592652E-008, -3.6025E-005
3.2594133E-008, -4.6453E-005
3.2595615E-008, -3.9840E-005
3.2597096E-008, -3.6194E-005
3.2598578E-008, -3.1743E-005
3.2600059E-008, -3.7424E-005
3.2601541E-008, -3.5050E-005
3.2603022E-008, -5.2049E-005
3.2604504E-008, -4.6410E-005
3.2605985E-008, -3.1107E-005
3.2607467E-008, -3.5431E-005
3.2608948E-008, -4.3443E-005
3.2610430E-008, -3.9840E-005
3.2611911E-008, -3.2082E-005
3.2613393E-008, -3.6237E-005
3.2614874E-008, -4.4545E-005
3.2616356E-008, -3.3693E-005
3.2617837E-008, -3.9628E-005
3.2619319E-008, -3.2294E-005
3.2620800E-008, -4.2426E-005
3.2622281E-008, -4.5096E-005
3.2623763E-008, -4.4884E-005
3.2625244E-008, -3.9967E-005
3.2626726E-008, -3.4287E-005
3.2628207E-008, -4.0391E-005
3.2629689E-008, -3.8229E-005
3.2631170E-008, -2.1145E-005
3.2632652E-008, -4.0221E-005
3.2634133E-008, -3.4922E-005
3.2635615E-008, -4.1705E-005
3.2637096E-008, -3.3778E-005
3.2638578E-008, -4.0645E-005
3.2640059E-008, -4.5563E-005
3.2641541E-008, -4.4079E-005
3.2643022E-008, -2.6953E-005
3.2644504E-008, -4.4757E-005
3.2645985E-008, -4.8912E-005
3.2647467E-008, -3.7212E-005
3.2648948E-008, -3.7508E-005
3.2650430E-008, -4.4460E-005
3.2651911E-008, -4.2638E-005
3.2653393E-008, -2.9369E-005
3.2654874E-008, -3.7847E-005
3.2656356E-008, -2.9751E-005
3.2657837E-008, -4.2214E-005
3.2659319E-008, -4.8276E-005
3.2660800E-008, -4.3697E-005
3.2662281E-008, -3.4244E-005
3.2663763E-008, -4.3401E-005
3.2665244E-008, -4.1747E-005
3.2666726E-008, -2.8861E-005
3.2668207E-008, -3.0514E-005
3.2669689E-008, -4.6453E-005
3.2671170E-008, -3.4541E-005
3.2672652E-008, -4.2341E-005
3.2674133E-008, -3.1913E-005
3.2675615E-008, -4.0772E-005
3.2677096E-008, -3.7763E-005
3.2678578E-008, -3.2125E-005
3.2680059E-008, -5.0565E-005
3.2681541E-008, -2.7377E-005
3.2683022E-008, -3.2379E-005
3.2684504E-008, -2.6571E-005
3.2685985E-008, -3.2549E-005
3.2687467E-008, -4.7640E-005
3.2688948E-008, -4.4884E-005
3.2690430E-008, -2.0467E-005
3.2691911E-008, -3.3396E-005
3.2693393E-008, -2.4325E-005
3.2694874E-008, -3.5389E-005
3.2696356E-008, -2.1612E-005
3.2697837E-008, -3.2930E-005
3.2699319E-008, -2.2587E-005
3.2700800E-008, -2.2714E-005
3.2702281E-008, -2.2671E-005
3.2703763E-008, -2.0637E-005
3.2705244E-008, -3.6194E-005
3.2706726E-008, 7.469E-006
3.2708207E-008, -2.7377E-005
3.2709689E-008, -3.0683E-005
3.2711170E-008, -8.894E-006
3.2712652E-008, -1.7796E-005
3.2714133E-008, -2.4197E-005
3.2715615E-008, -1.3557E-005
3.2717096E-008, -2.2375E-005
3.2718578E-008, -2.6275E-005
3.2720059E-008, -1.3981E-005
3.2721541E-008, 6.86E-007
3.2723022E-008, -1.1819E-005
3.2724504E-008, -1.4829E-005
3.2725985E-008, -1.3345E-005
3.2727467E-008, -4.443E-006
3.2728948E-008, 1.4336E-005
3.2730430E-008, -9.996E-006
3.2731911E-008, 2.3493E-005
3.2733393E-008, 3.2352E-005
3.2734874E-008, 7.7287E-005
3.2736356E-008, 6.9021E-005
3.2737837E-008, 5.6770E-005
3.2739319E-008, 1.16372E-004
3.2740800E-008, 1.88861E-004
3.2742281E-008, 1.13955E-004
3.2743763E-008, 2.13744E-004
3.2745244E-008, 1.61434E-004
3.2746726E-008, 1.56008E-004
3.2748207E-008, 1.56135E-004
3.2749689E-008, 1.76186E-004
3.2751170E-008, 1.95347E-004
3.2752652E-008, 1.66817E-004
3.2754133E-008, 2.57958E-004
3.2755615E-008, 2.70930E-004
3.2757096E-008, 2.70676E-004
3.2758578E-008, 2.78306E-004
3.2760059E-008, 3.28370E-004
3.2761541E-008, 3.54398E-004
3.2763022E-008, 4.15442E-004
3.2764504E-008, 3.42571E-004
3.2765985E-008, 4.04844E-004
3.2767467E-008, 3.82716E-004
3.2768948E-008, 3.73898E-004
3.2770430E-008, 4.10058E-004
3.2771911E-008, 4.08108E-004
3.2773393E-008, 4.07981E-004
3.2774874E-008, 4.12517E-004
3.2776356E-008, 3.44606E-004
3.2777837E-008, 3.04716E-004
3.2779319E-008, 3.57196E-004
3.2780800E-008, 4.52110E-004
3.2782281E-008, 3.48506E-004
3.2783763E-008, 3.17815E-004
3.2785244E-008, 4.19426E-004
3.2786726E-008, 3.63258E-004
3.2788207E-008, 4.23199E-004
3.2789689E-008, 3.81614E-004
3.2791170E-008, 3.92211E-004
3.2792652E-008, 2.84326E-004
3.2794133E-008, 3.24555E-004
3.2795615E-008, 3.84962E-004
3.2797096E-008, 2.45792E-004
3.2798578E-008, 3.20104E-004
3.2800059E-008, 2.76526E-004
3.2801541E-008, 3.28073E-004
3.2803022E-008, 3.82843E-004
3.2804504E-008, 3.77714E-004
3.2805985E-008, 3.58722E-004
3.2807467E-008, 3.58426E-004
3.2808948E-008, 2.13829E-004
3.2810430E-008, 3.62919E-004
3.2811911E-008, 2.94330E-004
3.2813393E-008, 3.44182E-004
3.2814874E-008, 2.57789E-004
3.2816356E-008, 3.41003E-004
3.2817837E-008, 3.00222E-004
3.2819319E-008, 2.71524E-004
3.2820800E-008, 2.56729E-004
3.2822281E-008, 2.46640E-004
3.2823763E-008, 3.26081E-004
3.2825244E-008, 2.74109E-004
3.2826726E-008, 2.34177E-004
3.2828207E-008, 2.09887E-004
3.2829689E-008, 3.17518E-004
3.2831170E-008, 2.71990E-004
3.2832652E-008, 2.16161E-004
3.2834133E-008, 2.25063E-004
3.2835615E-008, 1.90641E-004
3.2837096E-008, 2.14677E-004
3.2838578E-008, 2.81952E-004
3.2840059E-008, 2.31040E-004
3.2841541E-008, 1.77881E-004
3.2843022E-008, 2.08827E-004
3.2844504E-008, 2.03359E-004
3.2845985E-008, 2.30870E-004
3.2847467E-008, 2.13617E-004
3.2848948E-008, 2.23706E-004
3.2850430E-008, 1.94584E-004
3.2851911E-008, 2.05944E-004
3.2853393E-008, 1.95982E-004
3.2854874E-008, 1.44859E-004
3.2856356E-008, 1.42697E-004
3.2857837E-008, 1.37313E-004
3.2859319E-008, 1.36592E-004
3.2860800E-008, 1.48377E-004
3.2862281E-008, 1.35745E-004
3.2863763E-008, 1.50200E-004
3.2865244E-008, 1.95813E-004
3.2866726E-008, 1.56813E-004
3.2868207E-008, 1.20017E-004
3.2869689E-008, 1.65376E-004
3.2871170E-008, 1.08572E-004
3.2872652E-008, 1.49183E-004
3.2874133E-008, 8.9411E-005
3.2875615E-008, 1.07130E-004
3.2877096E-008, 1.32735E-004
3.2878578E-008, 1.22095E-004
3.2880059E-008, 1.70421E-004
3.2881541E-008, 1.40831E-004
3.2883022E-008, 1.00857E-004
3.2884504E-008, 9.3820E-005
3.2885985E-008, 9.3014E-005
3.2887467E-008, 1.27563E-004
3.2888948E-008, 9.6194E-005
3.2890430E-008, 8.3985E-005
3.2891911E-008, 1.63680E-004
3.2893393E-008, 1.23875E-004
3.2894874E-008, 1.06791E-004
3.2896356E-008, 1.13574E-004
3.2897837E-008, 8.7419E-005
3.2899319E-008, 9.1276E-005
3.2900800E-008, 1.22349E-004
3.2902281E-008, 7.0632E-005
3.2903763E-008, 7.2327E-005
3.2905244E-008, 7.6651E-005
3.2906726E-008, 5.0623E-005
3.2908207E-008, 5.5540E-005
3.2909689E-008, 7.8516E-005
3.2911170E-008, 4.9055E-005
3.2912652E-008, 6.5036E-005
3.2914133E-008, 4.1466E-005
3.2915615E-008, 4.4688E-005
3.2917096E-008, 5.7278E-005
3.2918578E-008, 3.3073E-005
3.2920059E-008, 4.4773E-005
3.2921541E-008, 3.3624E-005
3.2923022E-008, 2.7435E-005
3.2924504E-008, 2.7265E-005
3.2925985E-008, 3.1462E-005
3.2927467E-008, 2.0398E-005
3.2928948E-008, 2.7053E-005
3.2930430E-008, 2.0228E-005
3.2931911E-008, 1.6668E-005
3.2933393E-008, 7.850E-006
3.2934874E-008, 1.7303E-005
3.2936356E-008, 2.2348E-005
3.2937837E-008, 2.467E-006
3.2939319E-008, 1.1708E-005
