Type:          average
Points:        1350
Count:         16
XInc:          1.481481E-012
XOrg:          3.1144800000E-008
YData range:   2.68998E-003
YData center:  5.70000E-004
Coupling:      50 Ohms
XRange:        2.00000E-009
XOffset:       3.1144800000E-008
YRange:        2.32800E-003
YOffset:       5.70000E-004
Date:          03 APR 2011
Time:          16:24:51:74
Frame:         86100C:MY47440989
X Units:       second
Y Units:       Watt
XY Data:
3.1144800E-008, -1.4320E-005
3.1146281E-008, -1.19E-007
3.1147763E-008, 3.950E-006
3.1149244E-008, 8.232E-006
3.1150726E-008, 6.833E-006
3.1152207E-008, 7.850E-006
3.1153689E-008, 1.6668E-005
3.1155170E-008, 1.8618E-005
3.1156652E-008, 1.0818E-005
3.1158133E-008, 1.8067E-005
3.1159615E-008, 2.3620E-005
3.1161096E-008, 2.1246E-005
3.1162578E-008, 2.2984E-005
3.1164059E-008, 3.8626E-005
3.1165541E-008, 2.9682E-005
3.1167022E-008, 4.0788E-005
3.1168504E-008, 2.1415E-005
3.1169985E-008, 3.1420E-005
3.1171467E-008, 5.3294E-005
3.1172948E-008, 4.4561E-005
3.1174430E-008, 5.3421E-005
3.1175911E-008, 5.6939E-005
3.1177393E-008, 4.5536E-005
3.1178874E-008, 5.1683E-005
3.1180356E-008, 9.5982E-005
3.1181837E-008, 8.1357E-005
3.1183319E-008, 8.0890E-005
3.1184800E-008, 1.00475E-004
3.1186281E-008, 6.2662E-005
3.1187763E-008, 1.11242E-004
3.1189244E-008, 7.6354E-005
3.1190726E-008, 1.15439E-004
3.1192207E-008, 8.9411E-005
3.1193689E-008, 1.05732E-004
3.1195170E-008, 1.04672E-004
3.1196652E-008, 1.06834E-004
3.1198133E-008, 1.32396E-004
3.1199615E-008, 1.12641E-004
3.1201096E-008, 8.4748E-005
3.1202578E-008, 1.18067E-004
3.1204059E-008, 1.39305E-004
3.1205541E-008, 1.30234E-004
3.1207022E-008, 1.11582E-004
3.1208504E-008, 1.33116E-004
3.1209985E-008, 1.51768E-004
3.1211467E-008, 1.44223E-004
3.1212948E-008, 1.26376E-004
3.1214430E-008, 1.57110E-004
3.1215911E-008, 1.51726E-004
3.1217393E-008, 1.66860E-004
3.1218874E-008, 1.32989E-004
3.1220356E-008, 1.65630E-004
3.1221837E-008, 1.58805E-004
3.1223319E-008, 1.82417E-004
3.1224800E-008, 1.73854E-004
3.1226281E-008, 1.92591E-004
3.1227763E-008, 1.86911E-004
3.1229244E-008, 1.50963E-004
3.1230726E-008, 1.89242E-004
3.1232207E-008, 1.59187E-004
3.1233689E-008, 1.97890E-004
3.1235170E-008, 1.92379E-004
3.1236652E-008, 1.94880E-004
3.1238133E-008, 1.64825E-004
3.1239615E-008, 1.78517E-004
3.1241096E-008, 1.85724E-004
3.1242578E-008, 2.12939E-004
3.1244059E-008, 2.14338E-004
3.1245541E-008, 1.96110E-004
3.1247022E-008, 1.63172E-004
3.1248504E-008, 1.97932E-004
3.1249985E-008, 2.09972E-004
3.1251467E-008, 2.48505E-004
3.1252948E-008, 2.22943E-004
3.1254430E-008, 2.13193E-004
3.1255911E-008, 2.21587E-004
3.1257393E-008, 2.07089E-004
3.1258874E-008, 1.78432E-004
3.1260356E-008, 2.51133E-004
3.1261837E-008, 3.09676E-004
3.1263319E-008, 2.35279E-004
3.1264800E-008, 2.43715E-004
3.1266281E-008, 2.59527E-004
3.1267763E-008, 2.52151E-004
3.1269244E-008, 2.80638E-004
3.1270726E-008, 2.39349E-004
3.1272207E-008, 2.63639E-004
3.1273689E-008, 2.34474E-004
3.1275170E-008, 2.85852E-004
3.1276652E-008, 2.33160E-004
3.1278133E-008, 2.38586E-004
3.1279615E-008, 2.12685E-004
3.1281096E-008, 2.56432E-004
3.1282578E-008, 2.68641E-004
3.1284059E-008, 3.18790E-004
3.1285541E-008, 2.91914E-004
3.1287022E-008, 2.66691E-004
3.1288504E-008, 3.35789E-004
3.1289985E-008, 2.34177E-004
3.1291467E-008, 2.68726E-004
3.1292948E-008, 3.15610E-004
3.1294430E-008, 2.64826E-004
3.1295911E-008, 3.24470E-004
3.1297393E-008, 3.31592E-004
3.1298874E-008, 3.08022E-004
3.1300356E-008, 3.16628E-004
3.1301837E-008, 2.90727E-004
3.1303319E-008, 2.38204E-004
3.1304800E-008, 3.36340E-004
3.1306281E-008, 4.07557E-004
3.1307763E-008, 3.25403E-004
3.1309244E-008, 3.28413E-004
3.1310726E-008, 3.41766E-004
3.1312207E-008, 3.03359E-004
3.1313689E-008, 3.20952E-004
3.1315170E-008, 3.34051E-004
3.1316652E-008, 4.50584E-004
3.1318133E-008, 3.66310E-004
3.1319615E-008, 3.74365E-004
3.1321096E-008, 5.32653E-004
3.1322578E-008, 3.76145E-004
3.1324059E-008, 3.71694E-004
3.1325541E-008, 3.34220E-004
3.1327022E-008, 3.93525E-004
3.1328504E-008, 3.71312E-004
3.1329985E-008, 3.42614E-004
3.1331467E-008, 4.39605E-004
3.1332948E-008, 4.46854E-004
3.1334430E-008, 4.20613E-004
3.1335911E-008, 3.33457E-004
3.1337393E-008, 3.96790E-004
3.1338874E-008, 3.04504E-004
3.1340356E-008, 3.98909E-004
3.1341837E-008, 3.83648E-004
3.1343319E-008, 4.16501E-004
3.1344800E-008, 4.07642E-004
3.1346281E-008, 4.36934E-004
3.1347763E-008, 4.35408E-004
3.1349244E-008, 4.84200E-004
3.1350726E-008, 4.03784E-004
3.1352207E-008, 3.42571E-004
3.1353689E-008, 4.19850E-004
3.1355170E-008, 4.33712E-004
3.1356652E-008, 3.29388E-004
3.1358133E-008, 3.68769E-004
3.1359615E-008, 4.11457E-004
3.1361096E-008, 3.73178E-004
3.1362578E-008, 4.46472E-004
3.1364059E-008, 3.99630E-004
3.1365541E-008, 4.21080E-004
3.1367022E-008, 4.12941E-004
3.1368504E-008, 3.43165E-004
3.1369985E-008, 4.08744E-004
3.1371467E-008, 4.23072E-004
3.1372948E-008, 4.55841E-004
3.1374430E-008, 3.52024E-004
3.1375911E-008, 4.03021E-004
3.1377393E-008, 3.36001E-004
3.1378874E-008, 4.19723E-004
3.1380356E-008, 3.34135E-004
3.1381837E-008, 4.83352E-004
3.1383319E-008, 4.82717E-004
3.1384800E-008, 3.37400E-004
3.1386281E-008, 4.05141E-004
3.1387763E-008, 4.00011E-004
3.1389244E-008, 3.97934E-004
3.1390726E-008, 3.94458E-004
3.1392207E-008, 4.03191E-004
3.1393689E-008, 3.91660E-004
3.1395170E-008, 3.47743E-004
3.1396652E-008, 3.62834E-004
3.1398133E-008, 3.47997E-004
3.1399615E-008, 3.59231E-004
3.1401096E-008, 3.64360E-004
3.1402578E-008, 3.63385E-004
3.1404059E-008, 3.49523E-004
3.1405541E-008, 3.25360E-004
3.1407022E-008, 3.01240E-004
3.1408504E-008, 2.75847E-004
3.1409985E-008, 3.58765E-004
3.1411467E-008, 3.33033E-004
3.1412948E-008, 3.92890E-004
3.1414430E-008, 2.78942E-004
3.1415911E-008, 3.36170E-004
3.1417393E-008, 3.55755E-004
3.1418874E-008, 2.45283E-004
3.1420356E-008, 3.07429E-004
3.1421837E-008, 2.88056E-004
3.1423319E-008, 3.81486E-004
3.1424800E-008, 3.31126E-004
3.1426281E-008, 2.63766E-004
3.1427763E-008, 4.00859E-004
3.1429244E-008, 2.98612E-004
3.1430726E-008, 3.18196E-004
3.1432207E-008, 3.75212E-004
3.1433689E-008, 2.77331E-004
3.1435170E-008, 2.85004E-004
3.1436652E-008, 2.81528E-004
3.1438133E-008, 2.82884E-004
3.1439615E-008, 2.38501E-004
3.1441096E-008, 3.16331E-004
3.1442578E-008, 2.69489E-004
3.1444059E-008, 2.67708E-004
3.1445541E-008, 3.09294E-004
3.1447022E-008, 2.62070E-004
3.1448504E-008, 2.38119E-004
3.1449985E-008, 2.48420E-004
3.1451467E-008, 2.32566E-004
3.1452948E-008, 2.65631E-004
3.1454430E-008, 2.03189E-004
3.1455911E-008, 3.15738E-004
3.1457393E-008, 2.64063E-004
3.1458874E-008, 2.44436E-004
3.1460356E-008, 2.59696E-004
3.1461837E-008, 2.49226E-004
3.1463319E-008, 2.03104E-004
3.1464800E-008, 2.20569E-004
3.1466281E-008, 2.26504E-004
3.1467763E-008, 2.50455E-004
3.1469244E-008, 2.07174E-004
3.1470726E-008, 2.24554E-004
3.1472207E-008, 1.99713E-004
3.1473689E-008, 2.17644E-004
3.1475170E-008, 2.44181E-004
3.1476652E-008, 2.29175E-004
3.1478133E-008, 2.36254E-004
3.1479615E-008, 1.71141E-004
3.1481096E-008, 2.04376E-004
3.1482578E-008, 1.79704E-004
3.1484059E-008, 2.20866E-004
3.1485541E-008, 1.69912E-004
3.1487022E-008, 2.01027E-004
3.1488504E-008, 1.59568E-004
3.1489985E-008, 2.08488E-004
3.1491467E-008, 1.48716E-004
3.1492948E-008, 1.36720E-004
3.1494430E-008, 1.37695E-004
3.1495911E-008, 1.68301E-004
3.1497393E-008, 1.47360E-004
3.1498874E-008, 1.62833E-004
3.1500356E-008, 1.69149E-004
3.1501837E-008, 1.89624E-004
3.1503319E-008, 1.90556E-004
3.1504800E-008, 1.37186E-004
3.1506281E-008, 1.68682E-004
3.1507763E-008, 1.97593E-004
3.1509244E-008, 1.63765E-004
3.1510726E-008, 1.19212E-004
3.1512207E-008, 1.74066E-004
3.1513689E-008, 1.23112E-004
3.1515170E-008, 1.50115E-004
3.1516652E-008, 1.43417E-004
3.1518133E-008, 1.06155E-004
3.1519615E-008, 1.67411E-004
3.1521096E-008, 1.21501E-004
3.1522578E-008, 9.3777E-005
3.1524059E-008, 1.23536E-004
3.1525541E-008, 1.48886E-004
3.1527022E-008, 1.01492E-004
3.1528504E-008, 1.27945E-004
3.1529985E-008, 1.46766E-004
3.1531467E-008, 1.38373E-004
3.1532948E-008, 9.1531E-005
3.1534430E-008, 1.32396E-004
3.1535911E-008, 9.2463E-005
3.1537393E-008, 6.5333E-005
3.1538874E-008, 8.5553E-005
3.1540356E-008, 1.15651E-004
3.1541837E-008, 9.2506E-005
3.1543319E-008, 7.5379E-005
3.1544800E-008, 7.2624E-005
3.1546281E-008, 8.6952E-005
3.1547763E-008, 4.4646E-005
3.1549244E-008, 5.9483E-005
3.1550726E-008, 4.6850E-005
3.1552207E-008, 5.5074E-005
3.1553689E-008, 5.8635E-005
3.1555170E-008, 3.6888E-005
3.1556652E-008, 4.1721E-005
3.1558133E-008, 3.0021E-005
3.1559615E-008, 4.2145E-005
3.1561096E-008, 4.8715E-005
3.1562578E-008, 2.7435E-005
3.1564059E-008, 3.6931E-005
3.1565541E-008, 4.501E-006
3.1567022E-008, 1.7855E-005
3.1568504E-008, 2.3789E-005
3.1569985E-008, 2.8452E-005
3.1571467E-008, 1.6583E-005
3.1572948E-008, 1.6964E-005
3.1574430E-008, 4.671E-006
3.1575911E-008, 8.825E-006
3.1577393E-008, -2.89E-007
3.1578874E-008, 6.197E-006
3.1580356E-008, -1.4066E-005
3.1581837E-008, -5.206E-006
3.1583319E-008, -6.351E-006
3.1584800E-008, -1.730E-006
3.1586281E-008, -1.1014E-005
3.1587763E-008, -1.7033E-005
3.1589244E-008, -1.7669E-005
3.1590726E-008, -1.1565E-005
3.1592207E-008, -1.7584E-005
3.1593689E-008, -2.3519E-005
3.1595170E-008, -2.3265E-005
3.1596652E-008, -2.4876E-005
3.1598133E-008, -2.2714E-005
3.1599615E-008, -2.5215E-005
3.1601096E-008, -2.6868E-005
3.1602578E-008, -1.6694E-005
3.1604059E-008, -2.0255E-005
3.1605541E-008, -2.2714E-005
3.1607022E-008, -1.9958E-005
3.1608504E-008, -3.5940E-005
3.1609985E-008, -2.4197E-005
3.1611467E-008, -3.2040E-005
3.1612948E-008, -3.8102E-005
3.1614430E-008, -3.5262E-005
3.1615911E-008, -3.0175E-005
3.1617393E-008, -3.1616E-005
3.1618874E-008, -2.0594E-005
3.1620356E-008, -1.8856E-005
3.1621837E-008, -2.9581E-005
3.1623319E-008, -2.6783E-005
3.1624800E-008, -2.8437E-005
3.1626281E-008, -2.5766E-005
3.1627763E-008, -2.8564E-005
3.1629244E-008, -2.3477E-005
3.1630726E-008, -2.2163E-005
3.1632207E-008, -1.8475E-005
3.1633689E-008, -2.8182E-005
3.1635170E-008, -2.1103E-005
3.1636652E-008, -2.4494E-005
3.1638133E-008, -1.3345E-005
3.1639615E-008, -2.5893E-005
3.1641096E-008, -3.1192E-005
3.1642578E-008, -3.5728E-005
3.1644059E-008, -2.6063E-005
3.1645541E-008, -2.9454E-005
3.1647022E-008, -3.6491E-005
3.1648504E-008, -2.9666E-005
3.1649985E-008, -2.2036E-005
3.1651467E-008, -2.0806E-005
3.1652948E-008, -2.4876E-005
3.1654430E-008, -1.9068E-005
3.1655911E-008, -2.6487E-005
3.1657393E-008, -1.9619E-005
3.1658874E-008, -1.5634E-005
3.1660356E-008, -2.2671E-005
3.1661837E-008, -1.8220E-005
3.1663319E-008, -3.7805E-005
3.1664800E-008, -3.3312E-005
3.1666281E-008, -3.1404E-005
3.1667763E-008, -3.3142E-005
3.1669244E-008, -2.1654E-005
3.1670726E-008, -3.4541E-005
3.1672207E-008, -2.7546E-005
3.1673689E-008, -2.2205E-005
3.1675170E-008, -2.6699E-005
3.1676652E-008, -2.9836E-005
3.1678133E-008, -2.0509E-005
3.1679615E-008, -3.4838E-005
3.1681096E-008, -2.3350E-005
3.1682578E-008, -2.8606E-005
3.1684059E-008, -2.9963E-005
3.1685541E-008, -1.5846E-005
3.1687022E-008, -1.9238E-005
3.1688504E-008, -2.5088E-005
3.1689985E-008, -2.3392E-005
3.1691467E-008, -2.5172E-005
3.1692948E-008, -2.3011E-005
3.1694430E-008, -1.6991E-005
3.1695911E-008, -3.3693E-005
3.1697393E-008, -3.0132E-005
3.1698874E-008, -1.6991E-005
3.1700356E-008, -2.6359E-005
3.1701837E-008, -1.6525E-005
3.1703319E-008, -1.8856E-005
3.1704800E-008, -2.6190E-005
3.1706281E-008, -2.5936E-005
3.1707763E-008, -3.1022E-005
3.1709244E-008, -2.3222E-005
3.1710726E-008, -1.8263E-005
3.1712207E-008, -6.478E-006
3.1713689E-008, -1.3388E-005
3.1715170E-008, -2.6063E-005
3.1716652E-008, -1.5592E-005
3.1718133E-008, -2.3222E-005
3.1719615E-008, -2.2502E-005
3.1721096E-008, -2.0382E-005
3.1722578E-008, -3.1150E-005
3.1724059E-008, -2.7801E-005
3.1725541E-008, -1.2582E-005
3.1727022E-008, -2.5808E-005
3.1728504E-008, -2.3519E-005
3.1729985E-008, -1.4193E-005
3.1731467E-008, -2.6529E-005
3.1732948E-008, -4.401E-006
3.1734430E-008, -1.4278E-005
3.1735911E-008, -1.8432E-005
3.1737393E-008, -1.5677E-005
3.1738874E-008, -2.3731E-005
3.1740356E-008, -2.1739E-005
3.1741837E-008, -2.8013E-005
3.1743319E-008, -3.2718E-005
3.1744800E-008, -1.4151E-005
3.1746281E-008, -1.8814E-005
3.1747763E-008, -1.6567E-005
3.1749244E-008, -1.4702E-005
3.1750726E-008, -1.7669E-005
3.1752207E-008, -1.6101E-005
3.1753689E-008, -2.9454E-005
3.1755170E-008, -1.1268E-005
3.1756652E-008, -1.1395E-005
3.1758133E-008, -2.2290E-005
3.1759615E-008, -6.987E-006
3.1761096E-008, -1.5846E-005
3.1762578E-008, -1.4151E-005
3.1764059E-008, -2.1866E-005
3.1765541E-008, -1.2794E-005
3.1767022E-008, -2.3265E-005
3.1768504E-008, -1.6949E-005
3.1769985E-008, -7.495E-006
3.1771467E-008, -4.698E-006
3.1772948E-008, -1.1904E-005
3.1774430E-008, -9.954E-006
3.1775911E-008, -1.3388E-005
3.1777393E-008, -2.4791E-005
3.1778874E-008, -1.0675E-005
3.1780356E-008, -1.6567E-005
3.1781837E-008, -1.4956E-005
3.1783319E-008, -3.087E-006
3.1784800E-008, -2.7377E-005
3.1786281E-008, -1.4999E-005
3.1787763E-008, -1.9365E-005
3.1789244E-008, -1.3006E-005
3.1790726E-008, -1.645E-006
3.1792207E-008, -1.1311E-005
3.1793689E-008, -1.3388E-005
3.1795170E-008, -7.283E-006
3.1796652E-008, -1.6482E-005
3.1798133E-008, -1.7712E-005
3.1799615E-008, -2.1781E-005
3.1801096E-008, -1.2752E-005
3.1802578E-008, -2.2587E-005
3.1804059E-008, -2.5936E-005
3.1805541E-008, -1.6270E-005
3.1807022E-008, -2.2841E-005
3.1808504E-008, -2.46E-007
3.1809985E-008, -1.0590E-005
3.1811467E-008, -1.7500E-005
3.1812948E-008, -8.513E-006
3.1814430E-008, -6.648E-006
3.1815911E-008, -1.3218E-005
3.1817393E-008, -7.199E-006
3.1818874E-008, -9.021E-006
3.1820356E-008, -1.8220E-005
3.1821837E-008, -1.2625E-005
3.1823319E-008, -1.7627E-005
3.1824800E-008, -1.4151E-005
3.1826281E-008, -8.131E-006
3.1827763E-008, -2.0001E-005
3.1829244E-008, -1.7161E-005
3.1830726E-008, -1.8475E-005
3.1832207E-008, -2.0509E-005
3.1833689E-008, -2.9454E-005
3.1835170E-008, -2.6487E-005
3.1836652E-008, -2.2036E-005
3.1838133E-008, -1.5338E-005
3.1839615E-008, -9.573E-006
3.1841096E-008, -2.0891E-005
3.1842578E-008, -1.9619E-005
3.1844059E-008, -1.5550E-005
3.1845541E-008, -1.6186E-005
3.1847022E-008, -1.0166E-005
3.1848504E-008, -1.4024E-005
3.1849985E-008, -2.0764E-005
3.1851467E-008, -2.89E-007
3.1852948E-008, -1.0463E-005
3.1854430E-008, -1.4363E-005
3.1855911E-008, -2.3265E-005
3.1857393E-008, -1.1395E-005
3.1858874E-008, -1.4575E-005
3.1860356E-008, -1.1395E-005
3.1861837E-008, -2.2036E-005
3.1863319E-008, -1.1014E-005
3.1864800E-008, -1.2158E-005
3.1866281E-008, -1.0420E-005
3.1867763E-008, -1.6779E-005
3.1869244E-008, -2.2036E-005
3.1870726E-008, -2.1103E-005
3.1872207E-008, -2.7080E-005
3.1873689E-008, -5.461E-006
3.1875170E-008, -2.069E-006
3.1876652E-008, -1.8390E-005
3.1878133E-008, -1.7203E-005
3.1879615E-008, -2.5512E-005
3.1881096E-008, -1.6440E-005
3.1882578E-008, -2.0001E-005
3.1884059E-008, -1.5846E-005
3.1885541E-008, -6.732E-006
3.1887022E-008, -1.9746E-005
3.1888504E-008, -7.962E-006
3.1889985E-008, -9.954E-006
3.1891467E-008, -1.1141E-005
3.1892948E-008, -1.0759E-005
3.1894430E-008, -1.4066E-005
3.1895911E-008, -9.827E-006
3.1897393E-008, -5.588E-006
3.1898874E-008, -4.316E-006
3.1900356E-008, -1.4787E-005
3.1901837E-008, -6.012E-006
3.1903319E-008, -1.8687E-005
3.1904800E-008, -1.3981E-005
3.1906281E-008, -1.4108E-005
3.1907763E-008, -9.191E-006
3.1909244E-008, -2.1612E-005
3.1910726E-008, -1.9534E-005
3.1912207E-008, -1.8220E-005
3.1913689E-008, -7.114E-006
3.1915170E-008, -2.832E-006
3.1916652E-008, -1.0039E-005
3.1918133E-008, -1.5634E-005
3.1919615E-008, -7.114E-006
3.1921096E-008, -1.9831E-005
3.1922578E-008, -4.782E-006
3.1924059E-008, -2.324E-006
3.1925541E-008, -9.318E-006
3.1927022E-008, -8.979E-006
3.1928504E-008, -1.0039E-005
3.1929985E-008, 7.469E-006
3.1931467E-008, -1.603E-006
3.1932948E-008, -5.333E-006
3.1934430E-008, -5.418E-006
3.1935911E-008, -2.154E-006
3.1937393E-008, -1.4490E-005
3.1938874E-008, 8.740E-006
3.1940356E-008, 4.417E-006
3.1941837E-008, -9.361E-006
3.1943319E-008, 3.357E-006
3.1944800E-008, 2.848E-006
3.1946281E-008, 5.773E-006
3.1947763E-008, 2.594E-006
3.1949244E-008, 1.6286E-005
3.1950726E-008, 1.3064E-005
3.1952207E-008, 5.264E-006
3.1953689E-008, 2.3705E-005
3.1955170E-008, 1.4760E-005
3.1956652E-008, 3.8796E-005
3.1958133E-008, 4.3586E-005
3.1959615E-008, 2.9978E-005
3.1961096E-008, 3.5065E-005
3.1962578E-008, 2.7986E-005
3.1964059E-008, 4.1466E-005
3.1965541E-008, 5.4184E-005
3.1967022E-008, 4.8927E-005
3.1968504E-008, 3.8033E-005
3.1969985E-008, 4.7020E-005
3.1971467E-008, 4.4858E-005
3.1972948E-008, 6.3213E-005
3.1974430E-008, 5.4693E-005
3.1975911E-008, 5.6049E-005
3.1977393E-008, 6.4824E-005
3.1978874E-008, 8.7970E-005
3.1980356E-008, 6.0203E-005
3.1981837E-008, 7.4023E-005
3.1983319E-008, 8.2840E-005
3.1984800E-008, 8.0170E-005
3.1986281E-008, 6.9190E-005
3.1987763E-008, 7.4404E-005
3.1989244E-008, 1.08529E-004
3.1990726E-008, 1.08360E-004
3.1992207E-008, 1.18322E-004
3.1993689E-008, 1.09462E-004
3.1995170E-008, 1.18873E-004
3.1996652E-008, 1.27733E-004
3.1998133E-008, 1.44096E-004
3.1999615E-008, 9.6278E-005
3.2001096E-008, 9.7465E-005
3.2002578E-008, 1.02467E-004
3.2004059E-008, 1.07724E-004
3.2005541E-008, 1.38542E-004
3.2007022E-008, 8.4282E-005
3.2008504E-008, 1.14718E-004
3.2009985E-008, 1.24087E-004
3.2011467E-008, 1.16923E-004
3.2012948E-008, 1.39051E-004
3.2014430E-008, 1.48165E-004
3.2015911E-008, 1.31845E-004
3.2017393E-008, 1.27690E-004
3.2018874E-008, 1.42654E-004
3.2020356E-008, 1.56601E-004
3.2021837E-008, 1.70166E-004
3.2023319E-008, 1.55499E-004
3.2024800E-008, 1.55160E-004
3.2026281E-008, 1.82375E-004
3.2027763E-008, 1.96618E-004
3.2029244E-008, 1.96745E-004
3.2030726E-008, 1.84198E-004
3.2032207E-008, 1.84706E-004
3.2033689E-008, 1.50454E-004
3.2035170E-008, 2.11752E-004
3.2036652E-008, 1.61773E-004
3.2038133E-008, 2.30913E-004
3.2039615E-008, 2.18789E-004
3.2041096E-008, 2.44096E-004
3.2042578E-008, 1.83562E-004
3.2044059E-008, 1.71480E-004
3.2045541E-008, 1.73981E-004
3.2047022E-008, 2.03486E-004
3.2048504E-008, 1.51853E-004
3.2049985E-008, 2.07047E-004
3.2051467E-008, 1.87716E-004
3.2052948E-008, 2.14211E-004
3.2054430E-008, 2.10141E-004
3.2055911E-008, 2.12515E-004
3.2057393E-008, 2.27479E-004
3.2058874E-008, 2.44224E-004
3.2060356E-008, 2.30531E-004
3.2061837E-008, 2.71820E-004
3.2063319E-008, 2.08403E-004
3.2064800E-008, 2.07301E-004
3.2066281E-008, 3.31168E-004
3.2067763E-008, 2.41383E-004
3.2069244E-008, 2.56941E-004
3.2070726E-008, 2.65334E-004
3.2072207E-008, 2.73177E-004
3.2073689E-008, 2.46258E-004
3.2075170E-008, 2.93609E-004
3.2076652E-008, 2.61816E-004
3.2078133E-008, 3.43843E-004
3.2079615E-008, 2.15864E-004
3.2081096E-008, 3.06454E-004
3.2082578E-008, 2.23961E-004
3.2084059E-008, 2.25020E-004
3.2085541E-008, 2.51896E-004
3.2087022E-008, 2.44859E-004
3.2088504E-008, 2.99968E-004
3.2089985E-008, 3.00604E-004
3.2091467E-008, 3.10184E-004
3.2092948E-008, 3.12304E-004
3.2094430E-008, 3.13533E-004
3.2095911E-008, 3.25360E-004
3.2097393E-008, 3.29006E-004
3.2098874E-008, 2.55076E-004
3.2100356E-008, 3.23114E-004
3.2101837E-008, 2.93821E-004
3.2103319E-008, 2.69446E-004
3.2104800E-008, 3.16670E-004
3.2106281E-008, 3.02172E-004
3.2107763E-008, 3.25784E-004
3.2109244E-008, 3.96578E-004
3.2110726E-008, 3.53763E-004
3.2112207E-008, 2.53804E-004
3.2113689E-008, 3.54356E-004
3.2115170E-008, 3.19765E-004
3.2116652E-008, 2.89837E-004
3.2118133E-008, 3.79070E-004
3.2119615E-008, 3.39222E-004
3.2121096E-008, 3.00307E-004
3.2122578E-008, 3.52024E-004
3.2124059E-008, 3.69362E-004
3.2125541E-008, 3.79621E-004
3.2127022E-008, 3.58383E-004
3.2128504E-008, 3.06284E-004
3.2129985E-008, 3.64021E-004
3.2131467E-008, 3.27226E-004
3.2132948E-008, 3.19850E-004
3.2134430E-008, 4.22648E-004
3.2135911E-008, 3.40240E-004
3.2137393E-008, 4.02343E-004
3.2138874E-008, 3.85047E-004
3.2140356E-008, 4.12983E-004
3.2141837E-008, 3.67073E-004
3.2143319E-008, 3.87082E-004
3.2144800E-008, 3.53678E-004
3.2146281E-008, 4.44988E-004
3.2147763E-008, 4.62666E-004
3.2149244E-008, 4.33670E-004
3.2150726E-008, 4.86786E-004
3.2152207E-008, 3.49735E-004
3.2153689E-008, 4.27184E-004
3.2155170E-008, 3.48930E-004
3.2156652E-008, 2.81782E-004
3.2158133E-008, 3.67073E-004
3.2159615E-008, 3.26208E-004
3.2161096E-008, 3.88778E-004
3.2162578E-008, 3.73262E-004
3.2164059E-008, 3.86573E-004
3.2165541E-008, 3.76908E-004
3.2167022E-008, 4.18282E-004
3.2168504E-008, 4.57409E-004
3.2169985E-008, 4.56816E-004
3.2171467E-008, 3.55034E-004
3.2172948E-008, 3.72881E-004
3.2174430E-008, 4.40156E-004
3.2175911E-008, 2.84877E-004
3.2177393E-008, 4.33797E-004
3.2178874E-008, 4.58087E-004
3.2180356E-008, 3.03995E-004
3.2181837E-008, 3.91618E-004
3.2183319E-008, 3.60291E-004
3.2184800E-008, 4.41555E-004
3.2186281E-008, 3.69532E-004
3.2187763E-008, 3.29345E-004
3.2189244E-008, 3.31295E-004
3.2190726E-008, 3.77925E-004
3.2192207E-008, 3.84030E-004
3.2193689E-008, 3.43546E-004
3.2195170E-008, 3.58680E-004
3.2196652E-008, 4.18536E-004
3.2198133E-008, 3.22096E-004
3.2199615E-008, 4.21843E-004
3.2201096E-008, 3.39477E-004
3.2202578E-008, 4.66693E-004
3.2204059E-008, 3.08785E-004
3.2205541E-008, 3.09125E-004
3.2207022E-008, 3.36085E-004
3.2208504E-008, 3.90516E-004
3.2209985E-008, 3.38163E-004
3.2211467E-008, 3.67540E-004
3.2212948E-008, 3.07556E-004
3.2214430E-008, 3.19722E-004
3.2215911E-008, 3.92381E-004
3.2217393E-008, 3.51007E-004
3.2218874E-008, 3.72076E-004
3.2220356E-008, 3.13237E-004
3.2221837E-008, 3.83691E-004
3.2223319E-008, 3.13660E-004
3.2224800E-008, 3.08828E-004
3.2226281E-008, 3.53763E-004
3.2227763E-008, 2.89625E-004
3.2229244E-008, 3.38714E-004
3.2230726E-008, 4.67456E-004
3.2232207E-008, 3.31380E-004
3.2233689E-008, 3.29896E-004
3.2235170E-008, 2.88480E-004
3.2236652E-008, 2.80807E-004
3.2238133E-008, 3.47785E-004
3.2239615E-008, 2.93737E-004
3.2241096E-008, 2.41468E-004
3.2242578E-008, 2.68471E-004
3.2244059E-008, 2.90049E-004
3.2245541E-008, 3.01537E-004
3.2247022E-008, 2.87166E-004
3.2248504E-008, 2.75466E-004
3.2249985E-008, 2.24173E-004
3.2251467E-008, 2.69192E-004
3.2252948E-008, 2.65377E-004
3.2254430E-008, 2.24597E-004
3.2255911E-008, 2.34389E-004
3.2257393E-008, 2.29514E-004
3.2258874E-008, 2.95814E-004
3.2260356E-008, 2.83308E-004
3.2261837E-008, 3.18069E-004
3.2263319E-008, 2.50667E-004
3.2264800E-008, 2.15143E-004
3.2266281E-008, 3.33372E-004
3.2267763E-008, 2.68175E-004
3.2269244E-008, 2.14804E-004
3.2270726E-008, 2.80511E-004
3.2272207E-008, 1.88988E-004
3.2273689E-008, 2.56856E-004
3.2275170E-008, 2.29853E-004
3.2276652E-008, 1.81442E-004
3.2278133E-008, 2.42231E-004
3.2279615E-008, 2.35788E-004
3.2281096E-008, 2.13575E-004
3.2282578E-008, 1.89115E-004
3.2284059E-008, 1.71014E-004
3.2285541E-008, 1.73473E-004
3.2287022E-008, 2.21290E-004
3.2288504E-008, 1.55753E-004
3.2289985E-008, 2.54186E-004
3.2291467E-008, 2.23325E-004
3.2292948E-008, 1.89836E-004
3.2294430E-008, 1.93863E-004
3.2295911E-008, 1.58339E-004
3.2297393E-008, 2.06114E-004
3.2298874E-008, 1.82375E-004
3.2300356E-008, 1.97381E-004
3.2301837E-008, 2.24427E-004
3.2303319E-008, 1.70293E-004
3.2304800E-008, 1.69234E-004
3.2306281E-008, 1.58381E-004
3.2307763E-008, 1.32056E-004
3.2309244E-008, 1.65842E-004
3.2310726E-008, 1.36423E-004
3.2312207E-008, 1.42230E-004
3.2313689E-008, 1.14803E-004
3.2315170E-008, 1.37016E-004
3.2316652E-008, 1.09674E-004
3.2318133E-008, 1.86487E-004
3.2319615E-008, 1.87038E-004
3.2321096E-008, 1.24426E-004
3.2322578E-008, 1.27224E-004
3.2324059E-008, 1.19042E-004
3.2325541E-008, 1.02213E-004
3.2327022E-008, 1.48250E-004
3.2328504E-008, 1.45791E-004
3.2329985E-008, 1.40450E-004
3.2331467E-008, 1.17643E-004
3.2332948E-008, 9.7041E-005
3.2334430E-008, 1.08529E-004
3.2335911E-008, 1.17771E-004
3.2337393E-008, 9.1954E-005
3.2338874E-008, 8.8478E-005
3.2340356E-008, 9.8610E-005
3.2341837E-008, 8.2967E-005
3.2343319E-008, 8.6486E-005
3.2344800E-008, 1.02044E-004
3.2346281E-008, 7.4871E-005
3.2347763E-008, 5.2446E-005
3.2349244E-008, 7.9576E-005
3.2350726E-008, 6.4231E-005
3.2352207E-008, 5.7702E-005
3.2353689E-008, 4.1382E-005
3.2355170E-008, 7.3345E-005
3.2356652E-008, 8.1357E-005
3.2358133E-008, 6.4654E-005
3.2359615E-008, 6.9529E-005
3.2361096E-008, 3.3878E-005
3.2362578E-008, 5.2234E-005
3.2364059E-008, 4.3883E-005
3.2365541E-008, 4.7995E-005
3.2367022E-008, 3.2268E-005
3.2368504E-008, 3.4514E-005
3.2369985E-008, 4.3332E-005
3.2371467E-008, 3.5744E-005
3.2372948E-008, 3.5532E-005
3.2374430E-008, 2.9258E-005
3.2375911E-008, 7.342E-006
3.2377393E-008, 3.6210E-005
3.2378874E-008, 9.334E-006
3.2380356E-008, 1.0012E-005
3.2381837E-008, 1.6498E-005
3.2383319E-008, -3.595E-006
3.2384800E-008, 8.98E-007
3.2386281E-008, -1.1395E-005
3.2387763E-008, 1.7770E-005
3.2389244E-008, -1.1565E-005
3.2390726E-008, -9.021E-006
3.2392207E-008, -1.4532E-005
3.2393689E-008, -4.231E-006
3.2395170E-008, 7.045E-006
3.2396652E-008, -1.6143E-005
3.2398133E-008, -1.4999E-005
3.2399615E-008, -1.6821E-005
3.2401096E-008, -7.114E-006
3.2402578E-008, -2.0933E-005
3.2404059E-008, -1.1353E-005
3.2405541E-008, -2.4070E-005
3.2407022E-008, -3.1616E-005
3.2408504E-008, -1.7203E-005
3.2409985E-008, -1.4236E-005
3.2411467E-008, -4.994E-006
3.2412948E-008, -2.9072E-005
3.2414430E-008, -2.1781E-005
3.2415911E-008, -2.5851E-005
3.2417393E-008, -3.1192E-005
3.2418874E-008, -9.996E-006
3.2420356E-008, -1.8814E-005
3.2421837E-008, -2.3095E-005
3.2423319E-008, -2.6741E-005
3.2424800E-008, -2.6402E-005
3.2426281E-008, -2.1188E-005
3.2427763E-008, -1.1014E-005
3.2429244E-008, -2.7758E-005
3.2430726E-008, -3.4499E-005
3.2432207E-008, -1.1438E-005
3.2433689E-008, -2.4494E-005
3.2435170E-008, -2.2714E-005
3.2436652E-008, -3.4117E-005
3.2438133E-008, -1.9874E-005
3.2439615E-008, -1.6143E-005
3.2441096E-008, -1.8432E-005
3.2442578E-008, -2.1569E-005
3.2444059E-008, -2.3689E-005
3.2445541E-008, -2.7038E-005
3.2447022E-008, -1.7033E-005
3.2448504E-008, -1.9153E-005
3.2449985E-008, -1.5338E-005
3.2451467E-008, -1.2031E-005
3.2452948E-008, -1.3049E-005
3.2454430E-008, -3.4244E-005
3.2455911E-008, -2.7038E-005
3.2457393E-008, -1.3557E-005
3.2458874E-008, -1.5083E-005
3.2460356E-008, -1.6016E-005
3.2461837E-008, -2.9030E-005
3.2463319E-008, -2.3477E-005
3.2464800E-008, -2.2671E-005
3.2466281E-008, -2.0679E-005
3.2467763E-008, -1.8559E-005
3.2469244E-008, -1.8559E-005
3.2470726E-008, -2.1357E-005
3.2472207E-008, -1.5253E-005
3.2473689E-008, -1.2540E-005
3.2475170E-008, -2.3350E-005
3.2476652E-008, -3.2337E-005
3.2478133E-008, -1.2794E-005
3.2479615E-008, -1.3176E-005
3.2481096E-008, -2.6826E-005
3.2482578E-008, -1.9534E-005
3.2484059E-008, -1.9323E-005
3.2485541E-008, -1.4702E-005
3.2487022E-008, -2.3350E-005
3.2488504E-008, -1.7584E-005
3.2489985E-008, -2.1908E-005
3.2491467E-008, -1.2031E-005
3.2492948E-008, -2.0806E-005
3.2494430E-008, -1.1480E-005
3.2495911E-008, -2.5724E-005
3.2497393E-008, -1.0675E-005
3.2498874E-008, -7.199E-006
3.2500356E-008, -3.0811E-005
3.2501837E-008, -2.8818E-005
3.2503319E-008, -1.9958E-005
3.2504800E-008, -2.4494E-005
3.2506281E-008, -1.4151E-005
3.2507763E-008, -1.2540E-005
3.2509244E-008, -6.096E-006
3.2510726E-008, -1.5338E-005
3.2512207E-008, -2.1908E-005
3.2513689E-008, -1.6525E-005
3.2515170E-008, -1.7203E-005
3.2516652E-008, -2.0976E-005
3.2518133E-008, -2.5978E-005
3.2519615E-008, -1.8983E-005
3.2521096E-008, -1.5126E-005
3.2522578E-008, -1.4490E-005
3.2524059E-008, -2.0382E-005
3.2525541E-008, -1.7754E-005
3.2527022E-008, -1.2413E-005
3.2528504E-008, -1.9280E-005
3.2529985E-008, -1.2540E-005
3.2531467E-008, -1.8390E-005
3.2532948E-008, -1.0420E-005
3.2534430E-008, -1.9068E-005
3.2535911E-008, -2.3434E-005
3.2537393E-008, -2.3774E-005
3.2538874E-008, -1.3896E-005
3.2540356E-008, -2.8182E-005
3.2541837E-008, -2.0213E-005
3.2543319E-008, -1.4744E-005
3.2544800E-008, -1.1353E-005
3.2546281E-008, -1.9662E-005
3.2547763E-008, -2.2799E-005
3.2549244E-008, -2.5681E-005
3.2550726E-008, -1.9874E-005
3.2552207E-008, -9.021E-006
3.2553689E-008, -1.1565E-005
3.2555170E-008, -1.0378E-005
3.2556652E-008, -9.403E-006
3.2558133E-008, -1.476E-006
3.2559615E-008, -1.6228E-005
3.2561096E-008, -1.8008E-005
3.2562578E-008, -1.4193E-005
3.2564059E-008, -1.1777E-005
3.2565541E-008, -1.3133E-005
3.2567022E-008, -1.6864E-005
3.2568504E-008, -1.8687E-005
3.2569985E-008, -1.0675E-005
3.2571467E-008, -1.4659E-005
3.2572948E-008, 5.392E-006
3.2574430E-008, -1.2964E-005
3.2575911E-008, -3.1658E-005
3.2577393E-008, -4.994E-006
3.2578874E-008, -8.131E-006
3.2580356E-008, -1.7076E-005
3.2581837E-008, -1.6398E-005
3.2583319E-008, -1.7330E-005
3.2584800E-008, -1.2498E-005
3.2586281E-008, -2.2163E-005
3.2587763E-008, -9.445E-006
3.2589244E-008, -2.6232E-005
3.2590726E-008, -1.4871E-005
3.2592207E-008, -1.1989E-005
3.2593689E-008, -2.0509E-005
3.2595170E-008, -2.3562E-005
3.2596652E-008, -2.9496E-005
3.2598133E-008, -1.2370E-005
3.2599615E-008, -1.7076E-005
3.2601096E-008, -1.3812E-005
3.2602578E-008, -9.149E-006
3.2604059E-008, -1.8348E-005
3.2605541E-008, -1.433E-006
3.2607022E-008, -1.8263E-005
3.2608504E-008, -2.0933E-005
3.2609985E-008, -7.283E-006
3.2611467E-008, -1.6058E-005
3.2612948E-008, -3.129E-006
3.2614430E-008, -1.1523E-005
3.2615911E-008, -5.164E-006
3.2617393E-008, -3.850E-006
3.2618874E-008, -6.266E-006
3.2620356E-008, -1.9111E-005
3.2621837E-008, -1.3218E-005
3.2623319E-008, -2.2417E-005
3.2624800E-008, -4.274E-006
3.2626281E-008, -1.5889E-005
3.2627763E-008, -1.1734E-005
3.2629244E-008, -1.7033E-005
3.2630726E-008, -1.2921E-005
3.2632207E-008, -9.021E-006
3.2633689E-008, -1.0971E-005
3.2635170E-008, -2.1569E-005
3.2636652E-008, -1.8856E-005
3.2638133E-008, -1.1480E-005
3.2639615E-008, -1.6694E-005
3.2641096E-008, -2.3265E-005
3.2642578E-008, -9.233E-006
3.2644059E-008, -2.8733E-005
3.2645541E-008, -1.1904E-005
3.2647022E-008, -8.089E-006
3.2648504E-008, -8.767E-006
3.2649985E-008, -7.453E-006
3.2651467E-008, -9.106E-006
3.2652948E-008, -2.1272E-005
3.2654430E-008, -2.239E-006
3.2655911E-008, -2.1824E-005
3.2657393E-008, -1.7118E-005
3.2658874E-008, -1.1904E-005
3.2660356E-008, -1.6949E-005
3.2661837E-008, -5.927E-006
3.2663319E-008, -1.4617E-005
3.2664800E-008, -8.301E-006
3.2666281E-008, -9.233E-006
3.2667763E-008, -3.341E-006
3.2669244E-008, -1.1480E-005
3.2670726E-008, -1.7542E-005
3.2672207E-008, -2.0170E-005
3.2673689E-008, -1.2158E-005
3.2675170E-008, -1.4871E-005
3.2676652E-008, -2.5639E-005
3.2678133E-008, -1.5719E-005
3.2679615E-008, -1.5253E-005
3.2681096E-008, -7.580E-006
3.2682578E-008, -5.079E-006
3.2684059E-008, -1.2413E-005
3.2685541E-008, -6.28E-007
3.2687022E-008, -1.8432E-005
3.2688504E-008, -1.3091E-005
3.2689985E-008, -7.411E-006
3.2691467E-008, -3.0429E-005
3.2692948E-008, -1.9831E-005
3.2694430E-008, -1.9958E-005
3.2695911E-008, -1.3727E-005
3.2697393E-008, -2.1357E-005
3.2698874E-008, -1.1226E-005
3.2700356E-008, -1.4659E-005
3.2701837E-008, -2.0849E-005
3.2703319E-008, -1.4236E-005
3.2704800E-008, -6.393E-006
3.2706281E-008, -1.0251E-005
3.2707763E-008, -1.179E-006
3.2709244E-008, -2.3901E-005
3.2710726E-008, -6.944E-006
3.2712207E-008, -5.418E-006
3.2713689E-008, -1.5380E-005
3.2715170E-008, -8.682E-006
3.2716652E-008, -1.5253E-005
3.2718133E-008, -5.01E-007
3.2719615E-008, -5.842E-006
3.2721096E-008, -2.0891E-005
3.2722578E-008, -4.58E-007
3.2724059E-008, -1.7796E-005
3.2725541E-008, -1.6864E-005
3.2727022E-008, 1.831E-006
3.2728504E-008, -1.2964E-005
3.2729985E-008, -1.4278E-005
3.2731467E-008, -2.790E-006
3.2732948E-008, -2.705E-006
3.2734430E-008, -5.206E-006
3.2735911E-008, -9.615E-006
3.2737393E-008, -3.595E-006
3.2738874E-008, -1.2794E-005
3.2740356E-008, -1.1946E-005
3.2741837E-008, -1.264E-006
3.2743319E-008, -2.1612E-005
3.2744800E-008, -2.324E-006
3.2746281E-008, 3.187E-006
3.2747763E-008, 5.561E-006
3.2749244E-008, 5.349E-006
3.2750726E-008, -2.578E-006
3.2752207E-008, -2.196E-006
3.2753689E-008, 5.264E-006
3.2755170E-008, 7.850E-006
3.2756652E-008, 4.671E-006
3.2758133E-008, -2.196E-006
3.2759615E-008, 7.342E-006
3.2761096E-008, 1.5608E-005
3.2762578E-008, -3.595E-006
3.2764059E-008, 7.808E-006
3.2765541E-008, 3.1081E-005
3.2767022E-008, 2.0059E-005
3.2768504E-008, 3.1717E-005
3.2769985E-008, 3.1123E-005
3.2771467E-008, 3.3327E-005
3.2772948E-008, 2.9978E-005
3.2774430E-008, 5.2531E-005
3.2775911E-008, 3.1038E-005
3.2777393E-008, 4.3925E-005
3.2778874E-008, 5.6897E-005
3.2780356E-008, 5.3633E-005
3.2781837E-008, 7.1395E-005
3.2783319E-008, 5.2785E-005
3.2784800E-008, 8.6698E-005
3.2786281E-008, 5.4014E-005
3.2787763E-008, 8.2628E-005
3.2789244E-008, 7.5634E-005
3.2790726E-008, 1.01916E-004
3.2792207E-008, 7.4744E-005
3.2793689E-008, 7.6270E-005
3.2795170E-008, 6.9021E-005
3.2796652E-008, 9.4583E-005
3.2798133E-008, 9.5346E-005
3.2799615E-008, 9.0683E-005
3.2801096E-008, 9.2760E-005
3.2802578E-008, 9.5303E-005
3.2804059E-008, 1.28326E-004
3.2805541E-008, 1.01280E-004
3.2807022E-008, 1.25104E-004
3.2808504E-008, 9.7423E-005
3.2809985E-008, 1.03909E-004
3.2811467E-008, 1.49310E-004
3.2812948E-008, 1.15142E-004
3.2814430E-008, 1.28623E-004
3.2815911E-008, 1.33371E-004
3.2817393E-008, 1.18661E-004
3.2818874E-008, 1.51302E-004
3.2820356E-008, 1.38246E-004
3.2821837E-008, 1.55626E-004
3.2823319E-008, 1.86487E-004
3.2824800E-008, 1.78517E-004
3.2826281E-008, 1.69361E-004
3.2827763E-008, 2.34474E-004
3.2829244E-008, 1.60840E-004
3.2830726E-008, 1.47021E-004
3.2832207E-008, 1.49437E-004
3.2833689E-008, 1.80934E-004
3.2835170E-008, 1.65249E-004
3.2836652E-008, 1.82248E-004
3.2838133E-008, 1.66563E-004
3.2839615E-008, 2.07004E-004
3.2841096E-008, 1.72498E-004
3.2842578E-008, 1.99798E-004
3.2844059E-008, 2.20018E-004
3.2845541E-008, 1.78517E-004
3.2847022E-008, 1.93015E-004
3.2848504E-008, 1.65758E-004
3.2849985E-008, 2.08445E-004
3.2851467E-008, 2.45834E-004
3.2852948E-008, 2.25275E-004
3.2854430E-008, 1.99755E-004
3.2855911E-008, 2.49014E-004
3.2857393E-008, 1.70590E-004
3.2858874E-008, 1.64316E-004
3.2860356E-008, 2.65334E-004
3.2861837E-008, 2.14083E-004
3.2863319E-008, 2.38543E-004
3.2864800E-008, 2.05520E-004
3.2866281E-008, 2.48505E-004
3.2867763E-008, 2.18280E-004
3.2869244E-008, 2.24088E-004
3.2870726E-008, 2.68556E-004
3.2872207E-008, 2.34940E-004
3.2873689E-008, 2.29514E-004
3.2875170E-008, 2.08530E-004
3.2876652E-008, 2.78942E-004
3.2878133E-008, 2.56432E-004
3.2879615E-008, 2.49311E-004
3.2881096E-008, 2.14804E-004
3.2882578E-008, 2.52744E-004
3.2884059E-008, 2.89031E-004
3.2885541E-008, 2.90472E-004
3.2887022E-008, 2.60248E-004
3.2888504E-008, 2.95899E-004
3.2889985E-008, 3.14932E-004
3.2891467E-008, 3.33415E-004
3.2892948E-008, 2.63978E-004
3.2894430E-008, 3.22308E-004
3.2895911E-008, 3.18451E-004
3.2897393E-008, 2.83181E-004
3.2898874E-008, 3.09930E-004
3.2900356E-008, 2.67581E-004
3.2901837E-008, 3.12346E-004
3.2903319E-008, 3.03020E-004
3.2904800E-008, 2.98951E-004
3.2906281E-008, 2.80087E-004
3.2907763E-008, 3.00689E-004
3.2909244E-008, 3.23877E-004
3.2910726E-008, 3.22732E-004
3.2912207E-008, 3.80850E-004
3.2913689E-008, 3.06412E-004
3.2915170E-008, 3.07217E-004
3.2916652E-008, 3.38120E-004
3.2918133E-008, 3.51389E-004
3.2919615E-008, 4.11627E-004
3.2921096E-008, 4.05819E-004
3.2922578E-008, 3.33500E-004
3.2924059E-008, 3.65547E-004
3.2925541E-008, 3.52279E-004
3.2927022E-008, 3.74195E-004
3.2928504E-008, 3.40960E-004
3.2929985E-008, 3.46471E-004
3.2931467E-008, 3.38120E-004
3.2932948E-008, 3.26759E-004
3.2934430E-008, 3.27480E-004
3.2935911E-008, 3.78053E-004
3.2937393E-008, 3.30193E-004
3.2938874E-008, 3.70973E-004
3.2940356E-008, 3.33923E-004
3.2941837E-008, 3.71440E-004
3.2943319E-008, 2.86954E-004
3.2944800E-008, 3.14339E-004
3.2946281E-008, 4.00774E-004
3.2947763E-008, 3.68218E-004
3.2949244E-008, 2.90684E-004
3.2950726E-008, 4.43081E-004
3.2952207E-008, 3.52024E-004
3.2953689E-008, 3.56136E-004
3.2955170E-008, 4.00308E-004
3.2956652E-008, 3.20401E-004
3.2958133E-008, 3.56433E-004
3.2959615E-008, 4.06285E-004
3.2961096E-008, 3.42868E-004
3.2962578E-008, 4.56858E-004
3.2964059E-008, 3.56984E-004
3.2965541E-008, 5.37104E-004
3.2967022E-008, 3.47489E-004
3.2968504E-008, 3.57493E-004
3.2969985E-008, 4.36595E-004
3.2971467E-008, 4.04081E-004
3.2972948E-008, 3.78307E-004
3.2974430E-008, 4.50203E-004
3.2975911E-008, 4.21122E-004
3.2977393E-008, 3.47277E-004
3.2978874E-008, 4.72670E-004
3.2980356E-008, 3.98104E-004
3.2981837E-008, 3.51813E-004
3.2983319E-008, 3.83140E-004
3.2984800E-008, 3.76018E-004
3.2986281E-008, 4.88355E-004
3.2987763E-008, 3.28328E-004
3.2989244E-008, 4.96578E-004
3.2990726E-008, 3.96790E-004
3.2992207E-008, 3.63724E-004
3.2993689E-008, 3.39985E-004
3.2995170E-008, 4.09422E-004
3.2996652E-008, 3.19977E-004
3.2998133E-008, 3.68515E-004
3.2999615E-008, 3.61774E-004
3.3001096E-008, 3.68345E-004
3.3002578E-008, 2.95135E-004
3.3004059E-008, 3.57239E-004
3.3005541E-008, 3.87464E-004
3.3007022E-008, 3.22435E-004
3.3008504E-008, 3.02172E-004
3.3009985E-008, 3.18535E-004
3.3011467E-008, 3.76230E-004
3.3012948E-008, 3.11244E-004
3.3014430E-008, 3.09845E-004
3.3015911E-008, 3.34941E-004
3.3017393E-008, 3.43546E-004
3.3018874E-008, 2.80934E-004
3.3020356E-008, 3.37103E-004
3.3021837E-008, 3.27946E-004
3.3023319E-008, 2.68556E-004
3.3024800E-008, 3.76866E-004
3.3026281E-008, 3.46090E-004
3.3027763E-008, 2.94457E-004
3.3029244E-008, 2.76526E-004
3.3030726E-008, 3.01791E-004
3.3032207E-008, 2.80044E-004
3.3033689E-008, 3.15271E-004
3.3035170E-008, 3.51855E-004
3.3036652E-008, 3.01706E-004
3.3038133E-008, 2.37950E-004
3.3039615E-008, 3.12813E-004
3.3041096E-008, 3.13703E-004
3.3042578E-008, 2.74321E-004
3.3044059E-008, 3.23029E-004
3.3045541E-008, 2.87335E-004
3.3047022E-008, 3.05225E-004
3.3048504E-008, 2.93525E-004
3.3049985E-008, 3.25657E-004
3.3051467E-008, 3.20570E-004
3.3052948E-008, 2.56899E-004
3.3054430E-008, 2.89455E-004
3.3055911E-008, 2.80383E-004
3.3057393E-008, 2.45707E-004
3.3058874E-008, 2.98569E-004
3.3060356E-008, 2.60502E-004
3.3061837E-008, 1.79153E-004
3.3063319E-008, 2.63469E-004
3.3064800E-008, 3.03105E-004
3.3066281E-008, 2.52320E-004
3.3067763E-008, 2.38670E-004
3.3069244E-008, 2.29811E-004
3.3070726E-008, 2.83266E-004
3.3072207E-008, 2.42655E-004
3.3073689E-008, 2.58552E-004
3.3075170E-008, 2.29726E-004
3.3076652E-008, 2.76229E-004
3.3078133E-008, 2.05732E-004
3.3079615E-008, 2.11879E-004
3.3081096E-008, 2.49819E-004
3.3082578E-008, 2.21926E-004
3.3084059E-008, 1.80425E-004
3.3085541E-008, 2.27649E-004
3.3087022E-008, 2.19425E-004
3.3088504E-008, 2.28285E-004
3.3089985E-008, 2.05309E-004
3.3091467E-008, 1.89497E-004
3.3092948E-008, 2.21841E-004
3.3094430E-008, 2.01705E-004
3.3095911E-008, 2.20993E-004
3.3097393E-008, 1.88776E-004
3.3098874E-008, 1.99374E-004
3.3100356E-008, 2.31845E-004
3.3101837E-008, 1.67708E-004
3.3103319E-008, 1.55965E-004
3.3104800E-008, 1.60798E-004
3.3106281E-008, 1.55584E-004
3.3107763E-008, 1.89073E-004
3.3109244E-008, 1.73642E-004
3.3110726E-008, 1.52192E-004
3.3112207E-008, 1.37313E-004
3.3113689E-008, 1.43375E-004
3.3115170E-008, 1.25571E-004
3.3116652E-008, 1.37567E-004
3.3118133E-008, 1.29216E-004
3.3119615E-008, 1.26970E-004
3.3121096E-008, 1.32014E-004
3.3122578E-008, 1.57661E-004
3.3124059E-008, 1.03273E-004
3.3125541E-008, 1.34006E-004
3.3127022E-008, 1.42697E-004
3.3128504E-008, 1.42781E-004
3.3129985E-008, 9.2675E-005
3.3131467E-008, 1.47656E-004
3.3132948E-008, 9.5430E-005
3.3134430E-008, 1.17728E-004
3.3135911E-008, 1.41086E-004
3.3137393E-008, 1.28708E-004
3.3138874E-008, 1.02679E-004
3.3140356E-008, 8.6104E-005
3.3141837E-008, 1.00390E-004
3.3143319E-008, 6.9275E-005
